1000
47
51
26
11
44
11
19
44
13
7
55
27
26
19
29
9
20
39
21
9
55
13
40
31
43
47
54
28
32
24
28
18
29
46
49
30
40
26
42
42
26
16
46
27
11
25
40
37
23
46
36
42
30
42
46
41
32
29
24
17
29
41
48
51
21
21
25
49
49
35
40
36
44
44
17
22
8
20
6
55
20
50
12
14
6
6
44
30
10
41
32
26
54
41
22
48
15
14
14
49
48
19
51
36
30
6
19
22
25
33
18
49
35
28
45
41
49
36
53
46
16
39
16
35
52
49
51
19
44
37
34
25
6
39
46
50
52
49
12
6
44
34
47
17
7
13
29
36
43
18
36
24
43
20
27
17
7
12
20
36
28
11
20
25
9
11
32
20
44
23
36
28
48
30
21
9
16
45
54
27
25
47
53
46
53
24
9
14
17
35
25
9
53
46
13
12
47
38
49
51
45
53
9
49
6
40
50
23
44
53
48
41
38
8
7
11
46
45
16
50
6
13
55
24
10
45
36
28
28
20
34
15
48
19
55
40
7
51
23
23
24
11
41
9
42
27
48
13
24
33
36
13
11
14
43
55
45
31
53
33
49
10
46
36
15
14
18
41
11
30
37
53
44
30
55
19
19
35
33
16
23
51
44
9
48
15
37
21
38
19
26
19
41
52
45
46
42
34
48
6
13
30
37
9
11
14
54
31
51
24
35
46
19
33
51
8
43
32
28
40
6
52
12
28
25
17
48
51
17
14
41
54
29
48
25
36
55
38
36
20
9
39
20
31
24
33
55
12
15
25
50
31
21
8
10
16
36
12
20
33
26
17
55
54
25
54
53
42
36
55
23
39
17
38
33
47
53
55
6
23
50
23
34
47
21
8
33
22
19
7
51
12
10
13
26
24
10
23
49
51
55
52
15
30
17
30
27
18
55
16
10
26
37
49
23
50
35
14
21
50
51
55
28
17
46
25
32
15
6
23
17
21
18
16
42
46
40
54
38
35
19
15
37
35
21
16
35
8
7
30
8
21
13
6
50
16
16
21
53
43
25
47
25
26
10
32
29
37
51
49
44
20
35
21
19
36
47
45
21
34
54
13
42
20
38
49
41
21
54
42
38
20
47
43
21
20
11
17
43
25
54
20
52
29
13
13
48
21
47
12
54
7
48
48
13
15
34
14
21
28
28
36
22
44
41
51
25
23
49
55
33
10
53
22
13
48
50
41
44
40
41
34
40
7
41
40
41
42
55
18
43
49
29
40
45
13
42
47
7
8
7
9
21
24
41
54
8
47
11
47
39
21
51
40
28
27
44
40
6
30
44
8
46
44
34
51
14
53
10
40
30
7
19
30
13
17
14
24
26
26
52
14
29
42
36
41
28
27
19
20
34
12
19
31
7
7
39
54
42
8
37
22
37
22
43
43
6
54
54
41
53
23
27
50
16
46
55
14
47
51
15
40
13
20
26
50
21
30
10
44
27
23
19
29
11
53
35
33
43
29
11
12
21
34
46
34
50
40
27
22
50
37
32
55
40
15
36
29
34
53
33
55
22
54
23
36
18
16
6
37
26
7
6
30
55
26
39
23
44
52
16
18
49
11
44
27
26
9
55
55
20
33
45
46
43
42
19
27
34
7
39
6
42
31
16
46
24
47
19
8
21
21
29
31
35
11
40
21
42
14
42
44
46
8
24
13
55
28
45
41
46
10
36
26
48
13
50
37
12
43
39
12
46
19
40
48
24
41
32
30
54
6
45
51
9
50
14
16
29
32
28
11
53
17
33
44
32
11
39
52
10
8
21
43
33
50
9
29
15
39
34
53
22
43
44
36
13
11
14
14
49
28
29
25
30
9
22
26
31
15
34
31
25
6
7
52
22
37
49
21
29
24
29
31
37
33
8
19
31
45
23
16
30
33
16
26
17
44
28
37
20
19
54
37
21
45
41
45
48
14
12
19
53
14
23
44
50
48
9
6
40
36
17
29
29
32
21
36
46
49
34
41
23
10
8
26
9
53
54
23
42
32
50
18
17
43
38
11
54
47
23
18
32
34
48
42
30
13
33
48
29
49
38
31
41
26
53
26
12
35
14
40
45
9
54
25
47
43
19
28
41
14
11
27
9
38
31
11
15
7
12
14
54
18
44
38
53
22
39
24
14
16
41
43
25
46
50
51
45
48
26
32
11
54
37
13
6
46
28
20
43
46
50
23
23
46
26
18
51
52
12
29
10
36
10
35
48
55
32
19
43
18
28
31
46
22
19
35
31
40
