1000 4997
854 751 902491784
607 701 212364719
336 556 645436608
742 889 1038247735
484 234 363694245
653 625 464525467
142 604 997574848
275 647 627728993
510 596 385014655
872 58 658776548
448 949 73176773
538 726 763579526
822 899 776926612
605 493 572187131
261 446 623636339
385 430 563516288
616 523 343877858
58 796 511225006
491 488 890931126
757 932 76161796
954 89 595712551
367 816 616821551
1000 515 276280216
118 643 961159765
687 994 712588459
486 958 34092303
180 351 871422374
574 610 239131725
868 746 837862423
461 37 356427498
502 328 552664102
175 476 409107489
705 795 130285160
623 262 756953106
102 45 31021816
466 544 119422140
237 196 738062695
474 86 667115055
53 250 92956453
441 42 44794924
219 655 28311841
542 1 484465193
953 406 466485418
411 416 717208596
403 93 675265434
740 325 410338447
910 16 47438820
124 94 452225847
784 275 1022317674
354 734 548801485
52 243 570745173
543 449 547840080
176 508 990091852
300 607 886466073
683 268 994069637
869 781 942188826
498 902 887536060
198 426 93241246
576 973 746121317
799 232 992903708
877 539 576033194
612 830 593731166
220 736 806903714
106 111 1014951356
357 580 78650045
105 576 709187626
385 116 615589941
390 981 774643132
792 540 631349695
298 853 484942
518 808 930577442
746 431 375126422
214 402 1023424201
491 833 1052806308
753 213 867334526
582 535 614846252
826 69 573843872
28 594 965005456
540 662 461072786
464 499 612854021
525 387 440011166
540 954 298792141
898 373 176475799
835 393 679269865
234 795 435543197
969 582 607408070
647 462 50308484
979 787 847051724
533 883 841695943
385 908 1057946378
791 224 506070260
665 619 699568223
777 84 116332348
400 263 722999594
51 981 217130726
988 290 317246801
665 68 232080338
797 760 120575672
635 721 586590617
623 30 664165609
155 290 847798637
45 936 512199831
45 591 208244091
331 699 956570197
718 313 908914937
723 909 157880314
876 746 192091608
499 381 502161931
761 36 465354293
897 579 229908232
88 170 690399671
165 837 752325977
190 599 342885393
232 327 1005984291
710 372 920697748
159 909 625201754
729 108 130571687
39 141 467296881
35 919 699510499
34 776 171939070
992 650 718734472
773 630 50183295
933 168 483342370
742 335 682342418
709 678 185396048
706 638 218596445
652 553 37896878
11 625 184075663
811 334 383157596
971 857 583714009
858 477 3345201
667 76 1041896858
326 974 162853074
870 282 892210996
101 34 744118688
539 481 574211451
911 303 528760690
66 368 653645176
680 811 497019878
734 80 586788040
369 509 819908367
603 840 936067239
114 795 550788643
724 531 878932166
683 642 676731799
656 631 952223017
609 899 501608961
822 346 728948511
592 142 1059191330
898 970 560280274
851 250 619191746
256 380 923641828
265 530 452060593
677 616 139236342
416 385 544716712
87 975 895191719
109 384 71919066
672 944 313829015
776 793 832858884
897 132 384071339
198 171 506748710
522 615 736713489
258 767 779189310
558 312 1009008853
697 621 480401627
757 481 106733652
594 570 679027638
174 715 710216434
118 203 1045991719
667 314 797421644
139 331 921323380
854 737 935901443
524 7 212821394
977 657 842771702
714 624 906374086
377 962 903087894
754 900 318005542
468 978 276751205
788 490 829802927
40 78 937770526
73 615 111911563
116 183 1055101727
421 25 109711562
509 608 256874805
717 709 494988806
910 844 509158090
578 466 233588703
229 411 440355144
495 188 853519983
101 110 90367606
301 303 953687795
333 111 721962615
628 943 648917805
931 515 532386934
691 939 574103095
867 349 294509173
527 181 305044813
295 458 919924455
337 432 412325953
929 723 638307394
868 866 844986458
493 944 555561291
231 497 678112807
341 202 381460856
383 151 1072735817
198 659 720055653
461 716 154840537
98 515 48440096
25 599 733423853
613 631 480503765
424 754 310211791
112 771 675578251
470 386 391790653
34 523 386039526
930 940 994240550
47 304 724395427
483 964 8760947
795 392 115807521
585 784 925396768
836 941 484503526
81 966 827107104
557 487 867353831
779 982 473109082
234 694 682668345
352 870 378988896
193 313 830773495
373 402 549919809
598 747 1018935248
287 358 647621832
150 489 159254306
40 466 428372999
84 119 545580267
738 852 524368618
746 23 960869886
98 747 24537230
235 14 762733273
357 314 98890254
520 865 110942231
186 873 821828540
493 27 1006864795
582 847 348972164
653 928 229048521
276 593 1040021376
904 849 418709324
484 325 850570454
359 921 177419291
589 356 46820015
605 841 971643513
651 742 525848816
226 218 247989761
947 571 776911175
301 536 900422513
635 673 801491495
614 331 563412614
948 406 520055885
226 973 763994321
429 640 532909777
504 543 393717671
75 12 261650990
948 109 970593936
938 35 854550353
297 602 1000574826
30 234 504664849
917 452 613454424
689 38 460734144
987 799 369305372
507 770 835311070
115 333 170119007
951 957 747140650
843 31 52307224
619 581 803252557
263 379 681864457
796 445 477478294
461 238 833967448
356 640 607574241
663 562 933393889
719 864 732789431
196 572 415983899
294 454 399879963
698 497 814189183
58 30 88381076
19 40 296453967
801 191 1017097345
700 897 150921975
81 874 142258022
26 167 974376543
138 95 543028918
197 30 523590134
787 370 428075903
183 198 991677964
401 995 416858020
286 309 925878876
366 629 702297847
644 437 609445260
453 70 957702812
854 558 448234295
364 563 456205049
839 64 333221028
415 760 568591783
265 269 45162344
281 426 758411539
598 917 814403519
839 805 908688747
44 766 204832254
111 312 763553271
76 668 664836135
157 326 594133455
63 682 333136750
393 896 1014968231
312 350 705697970
155 985 482730244
584 754 269778387
496 885 243231378
921 477 704337332
437 875 1002735929
282 665 993573
329 550 1045175666
761 347 268980694
116 122 724461586
479 561 155137603
382 618 705542318
8 870 171139792
762 40 812115485
608 761 724836196
786 375 770717780
384 21 574322103
974 625 767053858
843 138 1033566459
220 391 46478794
243 596 952928167
657 588 334891000
364 34 104758267
190 302 31765087
833 654 131154705
983 423 799515668
371 230 630272161
548 962 621709042
58 650 907115266
263 20 1069928754
485 565 897540454
549 906 423592313
613 113 852626741
977 844 462256048
142 687 96052983
427 443 395257502
54 698 433363978
997 266 762887474
313 827 281939165
304 104 920835499
124 624 523989512
113 95 1040595257
931 233 732080678
603 476 563189955
9 114 224635743
704 300 795294539
439 339 514369251
518 548 355162835
472 589 776725541
276 796 758512185
690 260 298932431
97 800 204306139
139 983 175942916
736 418 572707489
143 425 165021422
699 500 948769005
930 75 94020377
577 864 864514129
847 907 71901972
260 162 931724692
928 912 371147844
135 244 575315594
16 712 566295398
440 2 730044729
519 917 195538680
547 114 1024811042
509 815 160825269
549 687 691942385
853 132 30181739
719 663 678119093
970 706 409749090
72 594 810886180
364 345 128840947
802 995 509871407
145 502 131728920
772 824 396575240
147 702 567257747
441 742 570367356
483 413 153929010
553 244 1069093065
402 46 995746037
422 720 1017773804
9 526 1003772141
656 740 794581635
935 37 576814977
704 197 959096262
614 743 165310648
457 796 438693021
191 676 930896816
653 764 586517488
485 804 692840073
599 78 633267643
527 62 877068217
727 861 1065525741
769 666 749296936
893 399 539513545
348 207 139571535
812 240 463878850
102 636 723472874
977 554 112402137
950 749 539617691
482 171 604425920
162 85 713600209
903 459 33744466
69 504 18554086
733 976 422123479
731 44 116801669
382 471 86880387
967 325 789642626
513 41 750969279
660 81 1024739592
885 996 691957008
682 814 633324023
659 876 381626487
997 619 908285598
978 323 330673558
195 484 132218453
99 456 448712721
413 586 506388592
802 455 526687495
831 891 918274498
555 204 175206443
781 665 593137160
440 411 933412696
647 727 952294243
620 996 67715043
462 911 605015367
703 349 128301796
647 301 28068162
690 991 920264421
717 672 816559920
459 261 497753253
242 190 75307390
462 532 82523141
120 517 234275986
981 93 295950178
723 864 222504144
680 467 689425606
170 456 642697310
822 459 602189624
996 102 232079303
105 549 545479156
147 157 979381502
38 185 1067198476
56 721 52693801
819 93 168484126
756 707 214138488
327 364 829121337
296 21 1073615578
283 694 45458693
26 978 126694966
531 613 40804199
584 625 766626489
169 278 301308633
278 832 653896796
294 56 215166563
470 969 848620176
295 316 282903140
752 207 876818142
57 82 1069765101
755 35 30980942
18 56 523767451
280 551 255450579
431 200 173728465
844 782 350764333
458 510 927693110
566 608 89113747
955 488 443924439
795 434 501668519
610 994 579202949
898 410 819140031
209 44 73342219
77 166 12721098
338 779 918654547
931 22 826539445
924 657 733087983
17 710 872953240
274 673 702636138
875 845 298828834
321 521 447386073
766 596 338455735
438 352 1071329075
109 145 104372266
31 304 25219587
879 644 651762906
690 336 1001314708
537 373 988962234
164 79 833466591
216 105 64451765
38 310 702467122
918 459 1063622659
384 666 619975056
718 149 1009234151
834 18 632766241
75 342 504428713
114 342 397797631
319 759 123036754
600 413 1070765606
940 212 921198310
955 596 908347248
153 752 980015915
405 286 491627608
678 60 144757955
120 574 486399155
862 631 919066397
355 637 26641407
822 706 531774265
130 774 983577168
619 718 832011071
433 715 441523564
640 744 404241314
174 743 240470760
92 15 296411787
867 706 93892512
25 393 346154444
881 837 392106052
538 905 1004209923
862 66 944515627
501 677 400909499
940 185 729026052
203 642 1029479750
699 440 206507100
875 244 1008808191
915 128 160682392
898 720 718419960
475 943 116951267
598 380 857192607
739 198 917489049
327 274 58809301
115 314 88146628
619 40 131062950
549 843 663780049
422 99 209274300
995 502 494105449
839 786 786800050
752 809 285466385
271 688 519274606
815 818 689183218
312 473 1009700764
68 907 189090588
527 444 46525689
361 999 9930913
386 790 254707661
433 969 958509921
48 197 882581342
378 600 750537928
408 786 883244959
745 405 207743288
34 572 113491422
985 455 669229977
189 789 865175214
772 172 812257658
794 916 669047795
556 712 668260379
567 852 480806058
369 970 833254268
646 52 161238874
997 510 339280543
458 27 866783278
458 803 655328541
383 351 868079239
909 344 850490835
191 873 231152452
208 355 358659339
799 792 795451026
26 382 783906195
384 370 576790
415 858 442028579
325 356 528593038
258 440 797273878
747 950 422995868
162 625 483107774
161 551 1012126256
202 209 750428051
809 159 1014952768
974 615 1748803
806 575 1014091065
140 418 233621156
595 704 396128121
59 437 12422864
955 251 655636513
313 510 631365575
993 909 707110149
559 283 530835685
579 979 381320333
346 504 315010828
70 524 918516385
90 452 338351725
205 922 943284656
694 508 350497446
822 192 987557726
768 64 142773637
555 396 1041205229
966 785 874907562
159 712 974099806
655 978 701461512
113 237 210920617
704 593 770395059
503 670 617345439
133 259 516731006
289 891 342259301
346 922 861163481
665 27 256486726
1 613 666325822
996 492 984589489
67 251 40501469
83 477 50403252
705 121 832419581
317 905 827407509
626 787 500130471
533 56 989155881
200 581 419628517
186 7 447394940
889 573 715808560
951 799 919549975
843 400 79960499
520 478 541312526
842 978 895008508
566 966 116206199
430 148 491502827
834 127 247308151
159 196 987661857
938 388 894957014
960 106 614627556
407 808 771429544
144 891 285098617
508 667 813743317
889 611 410918524
543 82 670701767
356 861 191294441
207 522 636133387
751 375 1020821631
444 581 631041240
277 822 950373614
393 181 806747651
265 67 500566392
29 179 726809602
109 170 1047916308
612 187 306872238
600 891 696816970
716 4 384262633
326 120 873207919
258 377 171053978
304 524 558398249
152 280 657256043
91 192 393046560
180 868 218678643
380 794 216437194
81 487 346323638
403 683 35774573
264 96 55404393
52 238 723888410
444 840 104932513
98 719 535038842
321 797 240550222
919 19 58304107
166 405 59977893
699 800 502631367
341 816 728445092
859 834 565069641
696 493 112604970
720 683 815370422
71 138 637514322
764 427 30773027
926 318 432007607
331 585 482919088
393 273 579018240
627 14 886755555
82 685 331037918
938 235 1024305131
103 827 339407853
76 159 704197769
497 746 509684680
928 196 374773895
318 660 831739759
456 650 527400427
311 770 45059875
673 535 195430658
367 655 665873045
284 502 474823802
993 845 465510374
844 733 225830988
114 885 879370623
586 231 669855054
338 762 1040826966
810 141 362387443
58 134 981828906
408 926 645244310
948 735 722155224
899 575 809954792
886 162 86808435
531 353 362371768
3 116 625186855
697 149 405202784
298 268 437506636
169 675 112050786
284 262 589724036
147 15 253903928
712 161 458126064
421 924 347050797
651 427 704786910
161 32 661704952
283 583 13061809
798 879 239763534
169 787 929219595
852 395 912850863
455 697 274895618
495 898 163506859
618 348 678346940
304 892 71429147
811 837 472551548
764 840 648027165
160 193 79663725
373 611 837227970
9 420 552998451
895 699 638560144
894 927 975456457
94 759 837355927
130 412 805479100
176 244 626498542
919 999 42830297
285 234 497126095
430 749 420792065
900 631 638462391
926 160 988453350
265 792 789667255
404 660 84498272
482 583 1061520033
917 547 124026009
47 87 229049634
709 270 153897848
773 548 918052619
178 407 939906320
314 950 889460464
100 130 736606899
27 968 435681052
515 279 806651156
331 498 864955164
657 335 822218704
834 65 476443719
943 67 445879736
1000 54 857963233
477 334 384370077
253 836 741700149
883 799 745659385
929 95 697711412
799 558 519269768
224 162 327186216
885 920 1039437504
428 695 621429577
172 631 478421279
184 833 14383484
622 688 345640873
768 232 775136915
781 760 676620288
803 257 519336767
640 958 263349194
508 80 324110423
124 9 463327401
598 978 316006292
956 12 1046200991
484 707 934833048
891 241 232951347
612 80 204570398
476 805 403823418
453 484 479606376
554 346 1041708901
980 24 460011706
442 328 180359711
719 959 96451931
689 379 603819597
891 764 434897275
15 947 189841340
625 768 1020915810
572 654 534788182
298 81 648570839
838 362 753750474
567 477 990938621
365 125 1025335389
346 76 227933587
234 466 741819982
800 162 525315200
707 641 191936512
415 646 618976550
333 624 483774941
353 848 926242691
412 781 962276641
896 603 755745814
938 1000 548455555
593 920 626985363
893 904 452800308
483 648 1059219400
369 402 982291320
899 757 78303273
130 98 1071051201
333 635 555804538
200 314 666948929
139 248 544497362
244 730 397066786
676 382 317254109
186 464 354619262
370 496 761284025
693 435 908118828
174 120 292479717
936 47 973772547
866 345 625819384
75 102 421815294
165 659 517973318
785 446 621145533
597 426 364715642
264 974 842233177
15 839 362870970
286 502 524155916
649 38 3223018
610 884 1071435807
184 372 65682926
792 420 867267840
499 171 280039305
300 452 816601143
325 492 969231891
583 694 41085876
589 814 378879264
77 165 827787462
246 950 644130306
658 201 944110191
786 335 738994565
466 579 1059497626
274 14 662505543
876 902 307511417
375 520 890567321
503 58 617344305
401 414 416190888
919 928 282200978
316 288 373096917
487 85 745370865
723 994 915246256
761 124 422030957
223 102 812090965
977 641 781893058
972 447 685316542
571 144 661577579
104 453 402702015
310 846 254359817
21 104 492581945
825 871 254686124
374 844 163397720
965 590 325779550
923 263 994880761
602 681 735660007
141 405 682113084
967 930 1024583680
379 302 273617136
347 98 686262295
138 574 898154168
726 887 128372630
315 823 56210821
43 584 984258217
974 445 357385266
206 767 359482824
526 359 129848494
698 254 641345701
552 594 59232734
445 839 527623507
882 218 474663157
977 887 390262115
722 160 872453295
704 670 593196554
32 41 143045188
328 868 577100581
258 96 561882529
38 895 56810523
935 487 169433465
106 942 779633715
676 985 179623578
845 357 693701608
184 537 590096288
186 673 843057374
501 158 32416971
101 169 319729283
881 555 189294433
282 55 383614281
217 861 187244585
778 670 511493769
160 712 566820020
597 860 480187375
524 145 716968700
84 826 371041924
970 880 805354445
820 675 60007386
347 558 812629819
873 598 330446104
947 480 1019004570
475 468 953708045
276 588 237969123
105 364 462106273
823 590 363169855
243 295 799132425
576 746 277020877
361 704 494697780
220 405 628935835
271 196 439602842
520 243 242895015
143 853 304340160
916 376 620100336
189 142 765475765
370 436 23439440
72 369 884125198
987 610 1031424912
461 210 563271858
323 311 218878550
446 486 509564523
300 366 197962664
276 168 746853292
389 355 356051956
38 900 340601150
819 707 718839119
550 51 62793714
18 102 442228954
814 522 186804143
386 760 484559933
619 277 519860829
664 50 737946479
190 418 760565285
232 540 837205297
289 43 601143397
642 863 215552514
875 652 31089304
282 305 607344102
762 962 640493510
813 685 137658603
211 561 9248606
490 562 957301710
819 906 321234712
729 180 176691630
98 544 624882710
519 9 1018501404
138 881 953458381
362 709 7073434
897 25 318127837
22 713 53864679
801 128 591051344
790 401 761243025
492 938 585740479
676 751 590475297
916 358 812851160
337 728 666836800
218 18 886245044
521 427 438780530
356 370 382343191
871 704 369868440
813 575 213805882
944 544 582750676
832 662 778442724
939 585 886588389
530 707 821039593
635 98 50737923
191 885 551869479
40 23 342417079
262 39 241780711
613 205 6486441
819 513 831462534
543 623 57149456
459 935 106077486
47 679 369298888
238 935 116034611
624 771 983200707
916 127 859443846
790 440 815094592
65 132 40391645
398 909 700388536
691 734 17415779
167 718 527885207
70 682 961601236
766 136 601634447
284 65 1033067716
592 235 273631747
11 875 896626656
729 529 173201715
108 895 821837737
463 557 741068875
320 723 257784134
356 282 592692072
876 745 906446752
566 875 111289872
690 918 328343855
89 217 138107578
149 885 848004854
769 669 286898899
916 627 861498386
941 230 775821313
952 553 159352607
232 472 660425771
415 772 892424748
419 780 665442517
378 994 94706806
9 604 560409652
510 304 934506295
747 784 576509435
457 257 30896204
582 999 674704218
877 598 187142366
838 97 881676959
309 203 1043788302
864 512 772292350
337 206 873620030
365 641 106825120
976 342 649725077
532 980 695303033
201 553 119700853
750 484 31681876
734 787 975952021
695 578 243525190
70 769 372232469
669 868 511322752
132 614 789113328
46 283 160266698
33 169 657750173
660 399 423229365
481 414 235107012
718 270 1019300399
310 670 674900678
966 13 950771407
705 602 318721109
815 644 446720182
450 512 679165612
601 653 909532757
171 731 703997617
894 164 897176384
671 268 413052587
165 136 719977024
681 746 1065513031
588 68 807760019
186 379 850079820
202 993 573932358
809 996 54279112
1000 905 499159507
168 546 409826003
150 71 949234456
572 844 626030636
585 38 10593134
44 722 712084420
920 970 591937542
875 764 114047236
58 931 136264759
885 259 744935830
1 886 732725213
401 93 748410293
440 722 124154644
161 247 737592507
795 199 701520848
830 367 791110203
484 524 322709077
941 396 814573358
671 50 498131182
133 429 1015677156
361 876 915824333
789 783 937254612
222 596 497940886
300 23 918272148
115 888 270518917
629 316 877995630
53 492 917001578
650 313 411704238
475 748 632538825
847 49 949638673
84 747 399381991
867 992 160825034
351 484 37161319
367 502 75967143
686 78 168419556
37 489 523639194
446 768 305970301
584 833 755652656
891 576 152095600
303 294 769418015
902 392 514311453
991 642 762313633
398 412 369630498
221 753 184445649
963 745 980513671
475 270 915397817
904 95 156954186
171 995 117825425
543 279 101379896
868 837 506775975
634 131 197824563
582 985 498090786
923 735 152275660
736 30 586670696
418 93 470155444
287 17 501942454
534 941 1051896777
801 585 187011030
887 388 433661077
567 160 279162435
699 608 571853845
108 352 291483052
412 480 631287275
721 836 381958350
740 17 530593862
797 187 647847288
899 587 394340078
21 950 439399869
972 553 953938285
392 871 823269381
992 198 673395653
47 314 799483772
470 335 531714401
656 860 858767806
331 445 528517820
206 107 490784975
148 46 296320625
930 448 806310554
757 718 1026203697
594 965 481671131
928 130 108947418
388 292 806902193
615 416 578909320
459 656 670795035
703 758 642156913
623 703 564734892
217 720 546387728
410 967 172921755
159 892 951009179
567 710 76655826
583 413 1033489244
978 268 848706096
765 98 74011168
776 767 129784675
333 570 586345850
74 959 1029407304
874 892 79730465
150 853 205210479
4 934 1053596949
410 146 937224642
515 817 673760747
57 872 516401827
803 543 985956653
920 350 806669486
122 286 900283091
783 84 521395543
386 679 383445303
569 412 984776066
226 398 506188226
502 509 963930976
947 515 338369324
516 193 362288872
680 400 392172635
596 168 33628463
372 486 858836079
988 603 625242248
807 342 559412562
207 124 769064350
568 959 306913586
743 784 61744046
327 967 12293518
949 902 16316687
787 391 971603076
568 479 396591799
48 733 616410298
124 564 372220478
200 499 631462690
5 408 844792395
687 145 130340846
48 32 683467958
170 414 586296387
974 395 914614906
577 440 978257776
75 652 796875442
485 454 563384882
834 173 711851724
479 254 32131922
700 791 647155172
310 464 920470413
759 165 524507649
965 359 841221672
39 214 1059324871
863 401 571115479
860 889 848716093
226 675 267939973
816 782 53071870
210 981 875976605
83 929 961823746
827 756 198440113
525 868 412817989
886 874 521640579
365 18 482365265
343 36 602474278
118 968 251120519
494 274 879584
332 867 830254052
413 393 262780188
734 886 900959072
15 822 128325896
367 214 178334585
456 69 514359237
718 978 585636862
714 296 897287703
6 453 434113708
525 44 796456842
545 45 349750816
745 187 345511936
323 430 500206804
783 672 480109419
281 114 1043203577
695 551 696112144
941 80 180801694
353 499 43238457
118 521 9744890
488 587 120543760
460 339 644242857
20 314 369976431
31 659 587686773
181 371 109785400
111 764 534023980
663 590 285008127
843 511 716805213
913 156 646250351
143 407 317889509
179 985 830675493
226 174 690375598
239 264 196903050
937 780 604784782
407 849 544373424
585 463 1040855854
924 450 576437661
911 10 1062286112
340 726 103878854
481 302 182569495
835 305 259060567
508 994 1036307670
818 229 738806059
735 982 703041125
911 260 413348830
415 439 762081777
246 240 328552183
998 78 784969582
239 649 790263657
303 988 554626527
71 734 819910507
87 573 980840596
604 613 561061206
54 31 167338855
295 254 29097261
461 769 549582437
654 811 230561273
279 655 874566390
366 256 727757059
958 322 571544934
74 524 797316221
707 449 945308805
421 480 783983033
888 330 188752859
866 665 16620541
435 956 493429271
260 455 1030688722
791 697 388960920
270 493 397313426
754 33 999058628
880 420 927197464
620 495 458245196
227 758 957265176
557 617 82082730
226 548 253453337
977 758 965905370
638 443 137073987
601 613 947543776
118 561 454050414
351 376 413456430
961 792 133229248
283 35 618244530
543 907 666415510
910 322 857770293
204 932 460801371
786 651 468730215
449 905 453912631
513 861 179969504
597 901 312606059
165 429 417989412
607 950 904770437
348 405 601839577
869 508 1021624893
285 118 506095010
137 933 992265891
959 93 378248105
509 513 734114688
970 471 518066191
422 491 993691713
776 788 866057448
914 513 845079629
504 318 238583725
107 377 745464483
146 735 223979462
667 681 734268941
257 676 67703212
238 735 263301655
972 215 819297351
747 680 964872512
112 990 776088167
665 346 614052339
842 773 605297337
855 480 1068939070
50 971 784443393
746 895 21265092
807 382 133714584
205 248 611673741
488 75 441256926
985 54 1070044785
544 839 755403548
860 655 735642087
263 418 341475715
617 177 490452809
422 183 809963783
402 55 365012959
226 611 1152505
957 518 33273294
337 793 392632209
816 468 985796311
986 387 520428479
514 780 899015298
265 671 51580368
65 370 612193856
808 806 318215816
912 724 603564953
874 804 406996087
851 263 59467702
224 96 328046212
950 454 563224537
980 437 1043909785
631 838 846976129
451 312 210207583
114 395 62011467
719 310 580499059
463 245 828023119
852 203 824720144
513 120 149609158
666 33 757697391
652 224 823663713
315 7 900125964
96 63 667616084
157 656 922442733
194 49 807667480
649 150 523473222
556 787 825961609
894 386 164873222
691 429 262063022
142 799 641472853
505 896 60533463
167 725 392914569
855 107 563794283
934 645 290658619
803 472 338779314
847 116 861290931
258 102 900929032
966 188 396213684
822 310 658711473
178 478 557120182
574 231 63780974
895 893 854707765
514 416 386287049
181 187 429509046
469 596 715793488
271 833 449436870
629 808 299604644
212 448 1034282074
986 913 337004242
362 335 849821636
501 812 456500789
841 731 722440626
90 788 900392603
157 781 508924202
262 1 125809751
328 679 301005696
521 236 419657078
121 681 146521423
444 96 90368453
10 480 159002123
18 643 154852596
536 405 691598825
674 550 774353595
639 852 504346132
288 264 691522392
271 52 663374209
632 637 831765578
466 199 470991107
482 355 671445813
995 578 392153324
357 456 345597540
760 800 853579563
338 65 838388904
862 316 521783056
915 737 7945043
330 443 872040167
659 905 69069600
150 221 464284725
324 888 1005336987
671 309 149067505
306 123 30680005
831 119 261178393
297 847 779203744
581 159 111624699
269 513 870804217
519 181 537979443
14 187 490081429
953 784 1002663360
704 770 85266924
75 490 129066988
374 144 70255059
435 361 962140763
122 764 428797709
395 511 896339050
848 981 133365457
10 614 173031166
14 380 746976968
130 921 863596188
647 311 185201780
831 572 244890140
263 729 611935121
500 323 904836865
947 214 1024331042
507 147 276489855
222 588 1023923702
660 698 608350266
581 306 1019314605
200 967 211590070
290 380 1055366016
565 739 976544040
574 803 763044420
369 602 781480155
21 484 432717038
696 700 946172012
301 141 876320420
117 620 527325062
60 933 770757512
624 23 288581566
269 772 247252798
533 538 749651442
692 718 632073833
191 470 920152926
908 634 115648030
580 350 581738010
171 674 59625805
700 287 729435431
414 286 39362921
285 107 669949160
676 315 625687096
144 800 869523287
970 566 192209365
690 534 4943575
240 258 1068863005
179 802 151266491
818 212 179744770
548 213 565004681
200 903 828119921
860 423 922037156
213 235 644366813
481 923 155589399
461 434 47447323
486 237 453405638
84 847 28616423
161 456 140042907
285 609 975412486
62 236 345215963
957 627 179918195
530 801 64299443
746 881 949689844
578 540 595585788
649 650 935636146
893 559 511775016
199 384 511297201
737 631 320306346
761 119 248725571
500 746 533122489
58 692 1025195580
293 782 501841982
166 880 165872687
503 217 122337161
56 897 845602955
881 973 73463132
584 577 96486764
219 227 236135226
71 997 963760154
924 250 864950985
707 686 709234574
618 650 259460002
523 575 583148155
884 992 459215580
919 694 266183252
797 428 498199198
920 332 264241696
827 867 721874225
431 497 138072670
465 336 291612075
267 352 705594390
96 639 798667249
591 117 453148705
876 419 944814082
564 690 583687486
599 114 516254546
268 426 966935114
943 462 957754299
692 107 470035870
122 643 1000518131
596 552 598025246
405 49 134668603
958 452 886711179
375 31 593712082
687 7 567779456
847 258 84456052
349 960 7067394
724 86 935057419
458 240 75999963
721 96 310990529
413 79 376529613
643 32 667417655
167 596 436803542
654 409 587900343
545 478 751568209
542 979 178818509
718 508 1068699215
415 254 560352525
923 396 614017754
641 992 787685682
159 821 411306664
601 486 490495162
739 883 1023902698
631 884 876517253
268 711 1051001640
691 790 267833899
575 752 1013654056
558 430 972363428
482 599 845361600
135 959 335953010
644 791 830445240
702 622 215033562
373 715 847626599
884 275 219877160
427 724 459402183
114 277 363666956
46 897 1026396714
807 968 46119929
448 846 961702287
768 616 569242230
987 814 850276398
63 524 473231131
387 783 746561558
113 640 439245226
243 636 1022052042
223 283 868377471
194 191 1007319941
448 311 983601797
764 326 491336603
121 640 855889940
317 436 522426272
121 662 913577719
296 162 251299202
583 410 679678183
40 26 322800209
144 934 909015744
384 688 192253808
597 487 67146525
627 287 632528642
773 117 257002719
986 338 253199217
780 644 229534328
633 108 779905964
22 29 683282668
46 542 747338850
298 155 86537626
629 866 776154232
50 458 831928707
117 194 783786711
229 261 879615449
816 68 497311486
193 661 691824647
226 888 1072516670
943 325 676245462
686 605 46225189
770 256 182333452
97 183 984612494
749 128 74711386
196 459 371474204
876 103 585029313
739 166 856579766
788 330 990724151
259 764 968941969
372 970 836090801
37 237 434777300
866 86 786287204
241 494 131817668
766 191 1058763456
479 484 67703781
741 701 679173463
311 940 837625913
118 958 277987515
629 791 95754746
960 325 955952577
329 61 722433924
426 626 2356070
184 495 451173926
242 504 443847884
969 795 806757045
630 267 549823427
331 155 176131529
301 383 288562077
696 736 316480574
358 800 966046551
889 77 995709907
529 951 437482670
248 44 247658367
311 620 533528796
987 366 47123614
403 451 214196916
125 621 694330444
260 759 237618543
96 987 587313635
311 321 637812384
468 375 877345091
240 272 734615866
767 913 313673857
71 372 520142557
983 46 432216455
195 140 23171980
596 641 805124780
138 145 888170037
290 332 22371716
121 122 784918723
737 701 351460384
717 873 199368227
954 686 456667923
989 542 1072783978
347 581 996163921
311 387 343047970
11 431 630810036
933 599 1068667248
137 944 719836441
611 942 483275237
42 208 668695177
111 108 772997255
65 162 927627705
739 46 982704549
256 187 113139129
464 574 685905121
326 877 1029267769
777 431 277431335
97 687 99095210
53 786 12079958
538 37 694605127
634 705 689980173
614 805 391113730
339 922 249809559
286 589 245282890
355 235 1019008557
49 811 184403895
128 449 675794575
876 334 776670536
966 149 565085074
996 252 879461673
691 236 384379522
750 525 632775331
7 482 532222798
890 970 314990029
60 926 264002881
629 527 263556790
481 949 970743835
428 281 224207833
118 799 199703341
85 629 580372215
84 710 208510639
767 533 609539678
552 60 278654619
922 827 688580974
854 295 501028800
288 718 351501150
366 511 324946269
829 351 424932015
548 277 712501714
540 32 530766434
42 18 1019376983
234 602 214527648
796 215 278900469
103 273 189702356
444 812 850107
858 135 725240715
140 232 544158496
286 276 483857674
138 120 695558667
977 851 250585874
898 477 433134552
67 569 783531526
759 418 436418608
345 837 153390853
52 194 234160896
714 680 805408684
913 146 357396489
514 723 244323700
439 551 442621737
41 758 737013358
96 575 927943327
398 805 667765822
539 495 562357680
867 59 727394798
117 510 796400730
187 590 404369580
541 230 784537792
592 194 13906772
499 224 265538910
309 889 308942520
112 790 557427264
1000 355 553760069
75 345 251021661
676 506 793336613
964 29 340012667
338 273 27274447
776 242 37172416
246 252 539847692
686 963 398758988
518 127 186752553
999 635 686892883
481 69 337111324
184 332 515359865
724 855 428617838
305 24 1061737899
508 60 166867083
766 554 335082752
603 221 396156986
193 539 518499600
158 284 358733649
467 282 70890617
951 421 880426396
878 611 438374230
480 927 465152056
424 253 459709837
113 360 292393017
38 638 472404199
494 260 30614221
923 41 609684969
578 189 573306673
900 410 213425291
524 294 646029252
457 772 454331013
743 587 58053401
140 503 750161352
422 320 480851070
459 491 673096164
114 937 288745023
982 297 642345921
251 549 360662739
558 52 181386923
197 302 860984645
243 401 268996847
317 386 1010821023
882 373 594824911
889 209 189921071
73 977 224312248
141 745 617206020
2 251 264048625
856 388 912072825
93 449 411698388
862 406 318797488
355 254 768375563
67 364 740110683
429 187 840290741
264 706 901254835
825 582 754537467
790 897 497429652
490 173 185869605
945 436 1048160415
756 618 216066144
509 276 983466598
758 567 775859413
710 437 824659673
164 738 591215731
43 399 1035789189
434 50 312802401
639 904 590229899
404 257 166013463
924 460 989615426
849 846 359479149
740 309 1016065208
336 302 316964990
450 650 292323836
371 166 74987795
835 270 262680283
186 846 752317946
297 786 530615702
878 10 1053414831
868 76 464302023
579 301 637905932
39 435 115060803
605 961 711400324
309 440 812844108
991 461 723575692
331 974 181259918
952 590 1034038847
266 480 222852401
109 854 641539801
218 974 188237815
738 758 769069717
999 377 868314672
710 420 7754480
345 210 421591078
973 577 766525136
780 188 99301150
200 994 84088078
861 848 661583307
547 441 161874475
895 785 866026187
235 844 491580539
322 536 833891609
693 235 724614742
976 76 987782148
651 652 750904673
173 5 303301033
403 580 150955843
470 319 417393410
140 709 623374843
99 824 992632390
482 719 74735026
350 988 745102939
93 840 1015688375
669 960 687685157
144 427 147311649
295 146 610832023
241 327 72831217
14 746 886720237
548 74 804048877
590 71 340151231
331 387 756945101
368 679 444492458
942 376 436333705
405 483 938522275
442 184 537902965
890 795 415558743
503 227 955789449
54 758 298650008
52 30 38048882
553 723 715411725
266 984 1015584360
513 70 158121637
959 94 560442042
245 601 426477747
239 598 105247974
151 616 659289013
253 380 366720928
425 788 339273369
947 450 619858323
166 571 478534986
963 568 428892424
150 225 723277410
634 338 214398970
911 179 866944432
851 124 651148453
446 455 952704487
614 11 203007397
417 508 517933658
240 471 783291403
460 274 801046542
916 216 172545614
810 71 697574884
754 590 896111635
953 372 886868199
64 207 402291100
84 659 502372130
83 402 814997178
288 983 761240319
786 899 313362836
935 701 512589206
128 575 942366999
504 726 981902405
990 750 406238878
853 455 1040798025
108 583 65554144
273 540 953536928
528 698 849436220
979 140 377944357
959 870 984572004
594 604 866095492
778 896 564253896
933 447 367860411
940 687 632664629
924 696 810037153
612 380 603555315
658 72 875675035
521 975 924279144
767 601 1045224771
291 377 459038206
565 291 777241601
532 418 745355203
257 715 340354527
638 718 91962088
790 721 753190710
38 147 102347443
349 435 60839678
807 325 685554528
89 743 511251896
708 323 749845893
861 999 370730400
729 708 820633591
265 628 568864749
493 207 713121467
478 779 494792910
581 334 540673586
180 355 434697085
378 278 360018552
107 263 819213436
119 562 907125164
258 92 506858689
370 959 974697519
169 330 1039720194
269 961 709928991
828 276 450424454
994 441 201504766
337 630 564341442
652 414 694759211
67 435 166467155
813 418 408862914
668 550 155574253
159 798 840096954
897 116 887679749
339 180 646320745
422 585 1056754288
745 470 1049698240
966 189 496914437
443 816 84171239
564 547 1036302826
841 807 1018904316
653 292 56913550
475 273 869808523
161 924 604021521
805 284 129764075
217 767 179553309
64 724 397052520
470 488 834571662
362 759 849601013
430 784 39296253
311 248 804419145
617 475 91866936
547 301 824225348
10 570 601549214
88 700 723353518
762 872 969732149
161 765 805846323
66 199 374965549
937 171 429224557
998 847 898168403
249 308 561240780
125 754 237734151
808 315 457133567
902 414 925363152
27 49 889901197
974 235 221130171
530 634 636719916
642 632 218658720
241 986 941984253
217 742 347906806
194 58 183828966
365 381 333784563
584 901 557768529
19 515 685775042
438 720 535754463
274 698 1027731229
695 625 250668922
713 729 266038570
883 389 212291412
596 948 358044455
515 873 748472678
219 110 531173484
797 475 508185926
957 702 793345410
118 784 783736060
116 495 291611047
369 931 823273417
589 868 322331461
783 124 677631890
194 759 359112587
951 909 14104660
896 183 807636140
230 257 354938541
168 975 814841665
513 113 1069840194
69 500 735242256
487 811 284868607
405 549 726710867
388 914 41462192
314 331 630065415
253 427 204358240
505 893 204557388
232 784 511665613
651 917 812299070
841 974 1063842144
732 823 774367087
776 45 497511341
438 34 944753231
422 739 1039342226
58 645 768784058
641 435 894129011
822 497 316301972
609 304 6013456
773 50 653578288
689 120 812284205
362 983 204082796
348 7 6717179
336 159 1000593797
476 54 129446658
467 929 249754711
877 60 224094832
425 1000 251380846
745 129 738523328
27 123 873346620
802 825 164507207
68 648 927075913
897 817 981047283
618 980 971741767
172 635 962749358
783 379 629367176
713 867 792373285
874 257 964860697
433 946 905205615
157 835 373526710
120 769 396998006
284 822 596874802
341 72 909632333
85 523 1057498521
344 888 986250903
39 439 112284899
502 959 1069253329
912 942 882895326
925 68 538545127
578 878 839617095
945 293 71016569
751 966 663515858
231 380 777369034
35 940 8414297
199 748 473907906
829 945 528613192
70 580 304718820
856 967 926340737
913 538 440949549
256 219 1051768262
228 363 611601829
421 67 521916374
881 622 297436625
66 884 984967859
969 714 788618926
369 740 490176135
686 350 150474012
17 228 765588487
242 228 981620798
559 58 787937628
89 396 631546367
60 503 171787168
97 468 527438851
731 985 135316113
224 737 352540615
534 588 1027810670
826 836 932280761
284 353 337206066
654 106 495263843
995 855 760286769
438 93 90783134
20 892 382126763
689 672 451087534
937 732 988948485
974 205 942059941
199 499 286629416
50 40 587778066
162 531 190391543
471 898 1065624285
29 734 122317803
723 373 252398267
663 260 863215020
627 929 159701173
290 610 490719849
442 291 213581143
565 681 71189564
439 190 802160915
608 804 584491733
514 866 582101952
345 684 881934740
282 837 748356389
645 510 652741073
947 136 699895105
290 306 528200874
670 122 439576032
452 298 776628751
568 390 995061829
207 21 242102429
719 668 77410153
739 534 40625356
896 950 853183132
844 414 719353406
309 190 812736953
530 374 120202179
500 333 728092196
928 394 42192217
244 837 358010509
469 890 755201291
52 486 222436794
12 840 22112029
369 246 309213583
992 426 766348379
607 984 907649368
864 528 1049319842
287 86 147029797
107 723 223530462
921 888 884297470
108 230 584566586
556 138 506564901
946 748 153935785
771 504 669227212
995 655 1044656987
669 132 1062813408
510 538 720515682
919 766 903421515
266 659 745890284
862 979 463189010
354 204 209381235
974 38 379891536
773 311 267574149
222 566 62264533
384 611 665699708
530 263 410964111
529 230 793592750
190 258 797379299
25 894 162353538
775 71 561334049
781 425 719334026
18 403 419629370
789 513 153293562
384 975 441744899
970 774 412491890
428 807 93404045
621 957 695140593
522 754 1005458202
52 75 752129419
448 32 404181604
381 231 306587521
616 660 782912052
256 746 793909185
881 719 838517098
141 740 1044757120
817 429 666348258
356 507 877215726
443 720 385307222
276 436 120354728
456 352 173781677
183 540 369781931
262 251 53797162
948 91 710387604
350 926 984684538
253 508 692241690
133 684 889346056
683 383 218017758
59 409 546363817
149 894 977188276
439 863 269622752
472 677 550472504
387 39 825636545
677 287 166838595
441 76 1063047783
915 382 866284836
335 679 506591339
661 242 446325082
972 807 715252874
387 199 468060545
539 354 937616387
967 432 58850662
826 796 194706466
847 822 221398326
580 611 737606453
570 7 83721349
572 704 19498562
705 313 738019292
107 19 509322017
401 654 144615404
891 808 631685420
647 532 102011265
252 559 632862497
482 298 470662782
482 937 1033092269
280 433 434021213
649 57 945183991
411 163 547854910
299 226 203339870
321 572 546776621
346 471 843952715
357 762 594522460
576 6 415951788
657 971 229775443
324 91 880407550
626 392 889900174
51 308 137901607
401 178 520479984
663 514 1379750
660 988 1056241529
847 348 323215603
926 421 818096030
504 174 224082584
518 779 515946466
588 791 385588542
195 635 526207767
44 961 1047843018
436 928 411974725
920 968 1036192235
448 783 44912049
706 472 528757010
89 957 583114746
242 202 26019523
354 2 895460860
891 888 923586042
213 910 628985708
361 3 712613611
513 969 279026908
999 63 1061542751
304 923 370039675
997 974 138668286
411 923 904116722
901 494 639592719
435 677 687773953
327 747 131443221
278 40 620694286
663 185 481301752
115 334 465097810
962 514 444087583
577 386 99933181
220 200 141061276
152 205 436658517
178 723 105138640
883 791 349495158
851 957 456908688
896 793 553099309
268 925 630653595
982 878 49480157
788 287 996240551
785 818 407541308
643 662 589189063
533 820 331190104
88 934 446154881
535 247 955407246
452 973 61455861
152 224 13882436
819 501 737708934
967 636 179337485
434 913 616813979
161 511 898127720
617 128 1054518601
291 932 926597023
991 775 834090983
207 395 949665315
613 915 265134124
878 375 384491486
566 31 1054509832
957 716 500288645
680 815 771031531
363 70 422657353
871 687 99203675
569 291 906758497
806 139 107420780
366 543 642398250
525 286 87277898
630 820 926241842
393 577 288074677
605 953 476898759
524 230 225211815
124 523 121426707
482 571 588699523
713 965 456527722
91 831 237160029
881 660 842992761
971 682 822628575
264 994 1068724895
988 409 688573302
295 808 894598830
62 739 395654249
477 742 120502726
726 641 1048485687
568 946 590414801
282 735 587813883
379 713 50750386
116 758 337672700
19 499 86289507
86 359 1036585611
512 523 1018555276
255 19 651313269
159 85 215746971
22 773 307228268
400 446 785283011
142 416 14370385
228 438 180695631
547 631 750984650
935 264 263980956
806 214 327253715
248 146 635315215
985 182 4096185
325 560 963915274
93 860 568219821
622 542 1051775153
62 169 238689188
335 338 1058493403
884 46 1061225765
821 537 22528009
805 641 425973688
471 375 137111808
156 562 141466116
979 288 314536663
895 813 524894430
378 457 456658569
579 476 990295915
472 894 299993844
949 249 932400045
497 718 85255960
821 573 949406013
665 315 609902814
90 661 513363945
803 13 652967599
374 447 410301232
409 234 97023106
271 787 202189175
425 225 1020448547
86 759 824227009
216 816 707794638
431 895 387941202
86 868 478196286
181 658 171562784
25 535 622968771
749 728 48024571
543 568 1022221855
252 974 470686583
581 327 354683869
511 824 474233764
446 124 546485754
315 980 608563468
713 961 30182642
651 335 939288802
131 886 76793259
44 813 404624322
819 362 1051460719
283 26 210218020
503 937 395283509
655 81 669186979
969 606 170894792
415 940 1064584392
898 824 556323566
118 932 969734536
175 140 592989922
986 211 751839022
758 105 473525442
10 1 1056576964
958 584 520349122
688 976 755474520
878 398 68897645
225 308 956789214
360 296 611492638
3 985 527007282
205 400 364239451
568 701 689260075
592 395 736267714
64 381 690816548
527 679 540998193
973 25 674918569
896 916 256288886
37 454 607896548
585 256 768938608
636 335 108651813
5 580 204647997
763 565 1042073399
992 27 320711161
855 734 371816524
258 709 706311065
7 657 1073381739
226 14 631770772
240 286 392965915
763 316 471549207
378 974 136649648
12 358 614749186
488 641 61653515
178 557 963456509
191 755 581663014
866 304 1021718676
479 143 168445852
150 698 868400068
706 708 361805144
441 411 161929191
119 358 596880290
946 569 508017213
477 770 375208640
659 44 467604599
369 189 565045467
859 757 154098757
457 834 155282267
509 583 943819769
149 572 115526740
594 224 140066922
339 191 792933867
156 414 818334655
997 464 31770641
345 724 1009462423
390 892 516968560
906 332 613938763
516 713 820955094
99 233 276644073
390 615 826447486
919 381 464742403
974 313 970667430
923 308 645589613
27 884 138591013
119 154 64027033
298 281 243654933
612 926 422484611
88 482 683784873
277 104 1035443392
8 164 341277106
827 158 132004043
314 88 504755587
209 853 324234703
578 272 699675048
567 92 309733935
322 533 658339790
781 417 437477757
957 100 135094251
987 286 715502916
821 960 475432259
783 900 155580475
537 763 534144692
860 779 772367248
883 185 20306026
501 368 599532268
461 149 956358166
794 1 533214034
553 170 165233094
1000 785 919322451
96 588 459018062
712 32 1010737672
789 668 621796089
704 866 590645868
589 667 914413848
331 795 522732188
459 537 891909020
866 890 437179783
938 756 317015962
632 225 590184893
790 964 502344152
104 362 660241007
551 304 570222110
11 718 683102450
439 757 579459343
245 342 1003594897
369 29 686541456
690 526 346847044
798 869 697664321
244 732 820434617
951 406 865317548
166 311 363143947
433 850 789007232
988 806 445807341
148 919 357302506
461 306 663829806
65 507 117338553
170 107 774888725
133 559 172441328
700 837 554518939
553 757 594853653
342 105 213937062
558 937 1049353545
59 483 992999880
947 575 318684872
152 421 619303348
863 958 525131480
476 830 675325239
958 232 542669194
817 877 471968075
475 219 14284865
428 107 807252665
450 961 483942249
931 536 334507547
718 798 717377331
297 666 1036169638
507 861 1060099079
745 615 703394996
222 198 880857549
975 183 547797049
545 88 31919947
257 498 730431719
622 31 401262335
670 25 386127914
194 75 555849355
43 792 297145967
53 670 857876001
989 547 885428578
532 407 1005638434
19 132 743783537
4 729 939488987
795 603 275977185
853 146 1007723444
534 524 501270127
89 551 919549504
38 879 1037804914
994 26 655552337
561 868 838414356
834 639 79224227
83 457 927929871
269 914 28937908
84 937 817600268
513 299 1019005907
717 260 560014342
378 372 639081865
261 527 279962690
78 803 41175698
225 328 632116003
271 39 556791535
166 118 698301832
915 814 391674845
977 60 844713451
395 700 751347678
117 409 987419190
556 737 1024248032
967 683 550904170
605 200 235010513
567 921 317444169
321 778 479793388
238 790 880180529
23 448 616992661
867 419 632451103
810 443 436303860
938 128 238662632
988 20 429673629
619 856 222945695
651 574 510609850
748 940 575020120
726 572 775499113
62 506 991283017
68 388 527635051
414 311 153294495
755 716 16666680
843 404 846740783
171 680 123877830
754 707 1041782010
72 795 253390056
513 763 611371192
775 434 407120240
760 15 54759916
589 121 369060442
72 400 929860356
115 667 717664904
250 876 1041831159
698 989 109480777
696 120 529978741
130 450 233603166
65 709 1008946733
545 121 319486406
938 739 623466124
760 196 824514752
274 418 368358514
910 637 1044355939
222 808 1066584982
417 934 89799617
237 133 905294646
521 988 803070307
977 720 532647634
879 735 531324611
117 596 965396261
247 857 188527567
110 821 359327642
652 71 584687665
665 154 540643407
958 737 687516714
166 550 910141439
756 297 431783055
629 234 897370421
925 14 440838504
757 719 792637567
253 688 809472009
485 102 1072823563
763 659 409784035
501 775 1063443134
937 478 947457054
24 597 1060126710
576 527 853024334
110 156 277727141
24 832 923747011
751 863 900998521
136 555 438900796
750 930 558945280
536 203 1030515171
382 993 476757133
221 553 61056434
407 847 273093203
995 439 717235603
196 215 878610342
758 108 390558024
84 746 4041357
359 365 655391551
770 184 483825045
721 799 663470142
986 736 136700938
106 255 964756517
404 664 712298201
970 172 663008078
700 601 443898696
855 254 194713438
757 547 989452157
938 16 1019982526
973 670 1060743299
32 358 113151435
966 63 80471886
192 204 264613052
438 570 158148885
703 760 149388524
187 122 807235507
155 654 710984445
117 907 574673098
907 385 330189458
923 787 100722999
393 761 772436968
320 308 804111984
573 301 238127380
694 32 901152822
331 624 909710657
64 890 348278144
768 769 997260683
256 624 119850369
958 800 825630789
574 795 882948124
959 345 708764528
672 985 189153149
374 458 854463183
573 869 999660654
57 217 436392447
464 828 930270708
294 664 492560384
923 743 524590749
324 467 303400240
657 488 520999743
397 476 400654554
785 88 386843530
833 338 448955430
81 659 712795434
550 486 221867971
303 951 862961276
576 117 923008889
130 886 160320325
231 739 931319996
917 609 617777612
87 888 928967199
453 747 106584231
230 654 759106146
836 336 431485804
862 942 185572654
627 412 424743575
913 384 244093533
725 10 652431031
269 921 136124852
39 299 520818986
238 3 947593863
352 170 739605235
457 574 844636471
31 874 16886073
398 747 413804241
370 981 1026619620
35 170 448558780
355 431 860556175
716 763 315161780
17 653 449986700
344 620 750342370
204 951 529776617
577 570 119158943
538 880 426729030
658 83 178019927
933 550 75304326
332 753 731605686
862 282 100499422
839 38 479923761
28 674 758285152
81 826 563106956
2 463 1007320750
212 972 500628648
169 752 922716566
477 302 422779823
109 6 986617415
382 285 362432324
913 478 817740606
594 924 952948407
546 42 332224246
245 475 485281174
950 212 786630343
497 656 382027959
876 304 876124417
685 692 685824072
552 841 373679200
674 965 134472747
443 980 359322905
528 134 620766756
403 826 608849407
640 443 304051815
487 518 676746368
512 332 724168438
481 997 1019358660
212 110 778923098
472 692 844374478
578 824 845253802
435 554 493023336
900 164 1048483106
818 259 321865060
525 407 950386795
564 927 103449404
964 286 708361352
428 72 482153707
384 467 833135120
419 370 98924592
714 367 697446453
811 354 104230913
566 196 963251370
701 203 314646934
164 942 632878758
953 968 461535931
159 453 302823572
779 946 673612407
313 163 291031111
782 148 985382885
702 275 749764612
136 550 759385779
737 927 70933430
669 641 511569066
541 237 791327368
658 665 958165854
943 595 549882877
942 900 465986436
363 907 877500262
598 936 86275779
960 795 101733679
727 130 1035706844
358 674 699693925
763 227 441545329
5 391 537643673
17 147 1013388758
5 750 981152889
668 22 929197808
313 960 707718299
786 280 567706184
43 555 502431528
573 48 245305461
664 63 669946079
85 732 84755270
775 243 570673532
691 880 788715433
676 682 330114771
49 462 398893925
418 559 728194817
892 54 205020543
76 699 219657860
371 376 559067674
545 499 496071851
382 57 719864649
255 961 573789537
576 696 640627850
571 279 175187839
802 683 3749065
638 27 303529166
307 587 509865255
189 268 275333822
951 4 666819398
161 940 875182112
459 336 391733432
723 230 1021313198
863 779 21391711
853 63 321405431
531 914 1025900893
386 493 614797032
35 338 890088332
427 163 1034662283
407 190 986229444
566 254 147676352
823 968 834506497
389 84 806728544
174 483 1051790900
482 285 136729315
711 544 102092228
473 523 1047928026
274 169 192984116
838 13 1011422141
859 164 124070503
93 769 617000488
13 976 787175102
123 886 415945130
539 336 977047314
284 839 831879040
723 106 207235759
909 352 100754882
405 705 934396085
656 687 1004491165
799 747 118305322
996 753 814844742
766 628 994588078
736 805 216399356
355 41 671230034
17 703 954318062
249 140 636738431
876 809 883472833
815 775 121700747
727 359 72481627
229 842 173821642
235 402 435154999
98 566 378798646
742 320 338517876
755 685 28304689
84 146 758272037
4 535 812599763
138 156 512358135
270 137 475292096
488 184 184644206
319 434 126155136
152 947 921679511
168 129 226210566
125 681 892737415
740 210 406340463
997 358 535495861
388 581 351561899
153 888 976137828
566 147 70173118
44 225 808150473
334 995 187599085
525 570 1060778165
641 518 984970382
872 703 608157749
518 503 743163655
373 983 39707955
905 583 729928962
156 293 321323154
9 240 400834786
569 482 787904567
932 680 212089295
652 576 401248663
957 73 411748154
79 369 595062119
317 464 900055930
447 174 763181296
468 639 595959301
28 152 823018686
928 708 699696834
714 185 600471381
319 830 62917938
803 228 222685816
532 77 410672436
642 83 684568757
189 162 1049843123
659 953 329267966
201 453 329271628
571 105 348458568
765 910 139816769
497 906 488352674
200 626 780879733
128 702 258510536
382 982 421021568
645 16 914021214
953 751 790399526
800 22 2149268
471 234 219577608
388 245 471982553
553 404 176592153
387 640 929809104
910 791 853697354
624 59 364652139
134 607 40874716
635 638 193794783
528 403 774749821
967 535 561882931
997 786 748278829
662 53 833469941
137 238 336007238
823 486 768848178
671 576 51790712
667 809 731763283
422 165 1063802664
739 71 607708216
539 712 999343049
355 426 398024013
366 56 811851925
956 687 716063163
506 208 494428513
785 136 455121574
412 488 722093231
769 600 243796659
942 602 435608517
492 663 658680139
796 264 990612733
391 100 337174151
548 348 212058361
670 691 396695624
482 606 910918604
164 578 291258962
926 283 270525033
834 98 408657929
439 601 275425933
293 146 552505332
94 710 568983389
834 832 569752566
899 430 353192612
939 66 145825076
462 110 547244917
427 644 411982482
360 485 29002130
759 269 241669093
893 750 1063847936
46 847 982726812
405 809 248387417
614 917 605683330
376 1 484250193
232 336 332827008
852 521 266607565
737 812 65065021
331 608 454153792
299 644 71888720
681 764 1073592961
211 642 412701009
926 297 225449887
596 164 908010066
461 211 517359996
16 19 619502951
72 372 885876419
423 474 130916707
176 918 268379828
340 377 118169672
618 734 801819173
819 633 261818803
280 144 417545936
898 232 30411145
263 286 1045521475
393 811 865001473
578 490 384758933
822 343 444923498
499 824 847942750
804 945 777152177
498 619 119757810
579 153 523375095
347 675 552101647
540 585 414300124
358 93 427761576
338 555 277886359
995 109 479325531
542 450 858713839
780 749 979780706
214 775 965121152
665 881 1003174468
898 657 123082204
747 97 559980322
54 479 1040515069
735 436 401940692
407 445 268522372
595 722 459799364
58 714 498246915
296 335 928998216
744 714 38983480
822 30 171803469
490 453 1041124297
995 389 507414928
11 965 291497640
669 91 243278517
115 638 546192122
740 242 142840959
558 341 910682864
850 233 120100189
870 577 658167769
785 432 566658456
888 397 167479330
942 179 886791564
500 299 44711326
285 616 557680758
732 892 830371142
607 784 243728866
931 454 613066653
798 257 939519769
149 128 231361536
668 448 276810140
495 68 758876188
652 371 831988652
370 833 256319182
205 458 320283378
868 877 295656563
134 675 667803987
255 176 93451424
529 273 516006452
766 4 195639863
920 367 533708210
247 396 80642356
676 680 741346172
551 244 606448122
392 367 811751695
954 697 881663479
59 875 997787625
257 302 749365848
718 574 783479121
885 182 487772596
596 745 595487465
909 986 179454320
801 709 658130912
903 140 652360778
942 219 474959458
11 522 213082623
56 179 220723134
10 892 243361723
780 431 47287449
59 859 314229903
203 985 766807174
743 456 482153299
898 920 36532948
485 225 955980044
608 313 671559016
992 973 603966375
554 668 337793745
135 965 977610557
72 561 242490742
939 268 1028959050
773 7 981328137
687 771 563581793
108 227 776586320
694 81 127054012
946 892 112075748
844 347 981637052
818 559 128240618
778 490 840510118
810 589 786609117
286 462 42853894
975 872 136059806
110 909 682442600
816 173 932361149
183 992 322502089
628 714 790534158
887 381 744714482
170 525 630803552
976 304 804764429
256 822 602496669
46 957 832829323
292 342 401087737
18 78 832642459
897 997 452347821
7 820 263522628
878 621 680792410
485 146 600616885
946 35 736798632
373 922 874058200
333 436 50363943
484 391 462656436
874 659 570870348
247 714 392332746
936 141 936508677
891 904 819679352
137 340 844655347
942 880 919102383
768 534 100702288
117 305 15508679
113 202 820176886
57 75 307698730
143 865 756853338
880 984 911492577
618 673 14811877
75 69 469954113
583 104 1006197503
813 67 324893959
902 283 732960925
889 613 635142783
726 15 76860766
466 367 55039741
414 434 847372619
415 318 311263997
612 303 788020989
69 646 961164432
395 244 412295368
959 334 702970197
194 818 598160208
907 486 205548711
452 242 271186142
9 28 729574688
918 905 166439144
188 227 244368172
275 15 39677615
331 961 640171539
464 685 186422161
305 695 279373220
633 519 262227772
770 913 500084076
56 224 35703660
514 254 700653215
307 359 1001261987
509 84 170664697
366 3 330199868
491 296 743061521
829 897 275549361
669 144 652699475
182 948 60178627
597 799 938097774
724 663 1002517513
66 30 946377073
838 854 379851048
275 749 665587606
202 336 384839068
556 419 761118662
920 16 809977184
961 161 444809701
998 364 357338239
468 647 97085649
591 547 539280393
316 47 232611617
564 228 882636747
646 892 911503867
762 299 2522483
310 226 982131348
787 893 485526116
344 419 661935370
472 121 1001688703
444 649 579434831
637 421 919468333
448 383 557200430
417 616 504861564
870 52 850616258
675 588 539634701
388 826 131496448
723 621 207176053
583 981 967192195
1000 747 333641782
845 507 54117875
813 457 429008556
86 215 542451959
778 435 419616748
77 80 97770215
385 993 447565290
969 885 615013865
832 312 486697990
954 389 1003593549
585 114 590667279
322 279 233509472
391 838 347222214
937 92 707891038
680 28 702376939
257 107 613753821
977 139 935870346
580 103 322495916
377 955 647877221
935 895 675873166
510 793 336597417
394 326 815298043
811 889 989027888
747 211 393696311
700 501 896461023
384 514 399609713
441 430 586698715
338 868 313756437
624 769 384140804
280 218 238352748
366 577 360280250
91 201 587424419
663 904 138543598
387 179 170354213
210 182 923488742
659 655 228499081
477 473 1037464204
582 630 1063856122
32 872 554833262
109 706 562958147
458 806 292619969
525 41 611910681
939 512 983293571
539 907 133834416
497 675 15405876
312 614 234002842
369 115 72321977
193 150 33144493
692 326 602905572
814 974 550605821
734 569 915218203
405 670 853015403
642 121 790918916
124 144 1042295180
685 767 1019836625
509 869 305367254
707 187 325840965
603 581 337021150
581 766 254036612
940 239 1002667147
748 843 157149005
341 569 464122659
546 716 319710357
904 212 158221812
401 638 683727329
605 413 499722823
470 222 4361407
435 988 820819898
567 232 588355500
946 251 849216742
524 412 122844009
853 641 552098593
346 324 851093919
218 339 96755061
877 219 831339107
225 236 884358896
937 881 136126581
385 471 65683940
908 583 456170859
190 523 460834726
157 201 1012307475
205 310 123523783
128 831 95435336
218 67 317327717
764 537 436821822
827 403 268267778
34 904 238786168
668 283 1064025803
652 799 395779098
4 272 292685608
920 457 800221367
800 483 1012620144
629 134 346638746
268 627 185301776
773 530 581359807
407 275 411967682
337 639 32067480
488 977 758546377
770 590 343563545
751 137 445672008
680 409 858479528
31 296 364912971
282 431 352646915
653 598 163727756
616 742 284295026
361 294 90645281
969 151 842272548
263 185 800322952
459 886 260213508
729 731 915763607
384 29 619353367
781 240 457087419
28 937 925507648
234 467 536142828
518 704 735789202
375 892 648179146
316 285 478700948
949 969 682494854
953 639 67808543
14 280 626323961
793 434 6925693
228 961 765332655
212 541 495600806
449 550 107401890
736 568 988047502
310 445 708257616
161 500 1025668430
878 502 942092738
380 171 827129801
389 718 727569725
6 38 175066558
105 753 917521520
605 510 452460920
86 524 863207897
534 226 311523814
669 705 690918754
408 690 123032971
438 68 297378704
406 884 301545000
195 824 32930763
446 607 754417345
371 514 400631163
988 149 318937795
832 138 795103010
535 575 592672482
141 131 1039346615
993 353 938650714
79 428 192436098
408 70 742494098
600 646 1027952590
425 21 505409145
433 12 803120527
118 123 588122791
9 816 1072777853
140 752 627527540
45 500 791494487
636 384 753131776
272 921 181870976
666 620 718578014
128 213 358372830
877 680 236908110
671 956 171978988
378 886 1014660959
719 866 181166291
28 426 889565845
499 398 922474974
107 320 34583704
269 234 178587661
637 518 801376085
168 432 253191209
100 678 656456257
955 115 380547875
831 828 92270315
85 755 418318594
689 517 1033682367
180 899 504217004
79 896 631765110
46 404 884437531
812 910 975953988
41 687 1047128233
583 353 157386705
94 709 52496120
891 679 469118735
872 996 409070256
350 601 210085836
547 690 521069780
388 433 430334528
178 449 722744721
245 739 207569539
681 743 159594872
180 693 241474310
87 353 586180612
952 761 574511822
454 899 228752359
476 505 251786754
181 674 451616111
169 896 607693044
214 824 912996081
253 392 168073017
5 766 1015143598
188 338 841092371
923 838 727426421
583 191 124593515
965 364 63966412
355 510 770183671
895 963 104946491
22 657 399019534
347 6 908833938
129 393 286316405
143 612 949661706
737 284 207226258
478 651 592922020
561 121 925907211
818 591 370282918
439 119 611318664
828 33 356804247
237 933 306317699
206 84 1067461989
705 611 398960245
400 485 936523628
902 926 1001388788
547 173 940913341
43 29 1006995542
641 148 457459898
807 902 242652082
308 587 978036713
612 488 167638496
495 463 523492065
357 954 903658152
667 599 724618918
646 475 476400511
108 841 441630082
950 509 81023106
605 868 602941057
52 574 822436834
930 749 56646044
7 63 278629001
383 831 329057338
852 720 347811191
673 906 960278186
878 54 1014034283
827 613 290550135
514 535 285192271
194 506 608140048
573 336 464591376
332 505 409570972
886 116 302129337
395 847 596176799
236 526 361388781
207 208 720050884
803 148 839865666
801 941 888344625
127 950 245772396
322 820 880867478
202 170 570702194
682 185 743888214
873 260 713243173
431 438 157761124
369 452 94179878
302 814 514956496
742 781 351604083
648 102 150323773
485 663 801754934
179 827 81887517
913 424 782241961
684 362 1015210044
470 425 152030858
876 998 1064497121
638 602 173392280
44 222 95742175
744 827 565517898
28 216 1052586387
716 713 784562712
259 439 1030332089
395 44 605211181
526 342 553786189
219 160 159421620
674 641 459906204
566 611 292685906
131 36 295180507
109 165 831841743
763 873 1029361390
93 182 312398105
42 334 848504075
996 653 510514919
885 603 80571581
313 881 365044189
376 474 488581354
720 794 342560962
710 459 588239430
158 808 108790446
151 562 367871942
572 978 405628749
601 207 237454005
824 148 563846844
888 887 649090267
840 711 326187245
799 618 710582629
793 643 1052468863
4 141 405990765
357 831 286078583
852 691 934969
847 627 25795172
713 782 698581122
313 614 310511022
357 912 118962611
737 134 439681875
848 686 482698860
878 74 986132827
182 512 68137890
722 457 738049706
770 476 352921970
278 304 916057246
506 51 705637787
990 726 459511653
783 995 825812903
21 588 710244794
298 825 681870407
601 752 979659883
994 460 622477549
64 933 228918742
480 969 226528858
672 962 953433635
124 80 14346880
174 635 769124144
367 184 246971371
427 904 685956640
871 951 279133678
97 844 846456839
743 675 680227267
261 511 630723934
664 413 705708261
822 850 736892565
142 569 354512142
660 59 930014630
149 396 713982287
377 922 439251998
680 664 195624478
703 783 530041486
425 759 381305306
437 97 199514803
553 86 677094877
77 971 312515445
272 361 756556332
296 456 28780029
824 664 787569679
429 776 917832334
641 685 667859148
499 123 28703919
465 824 575665996
876 552 920389975
964 935 795728090
115 296 361476947
410 168 114821844
663 446 919965593
506 247 605706815
945 520 560341684
832 404 545688310
563 479 860526335
918 37 458652332
704 44 646586361
454 268 610019889
727 654 716705740
338 533 770136956
496 632 246636031
403 35 606381432
109 65 540868236
727 468 1024177074
358 642 456613832
348 711 660865711
102 781 288883118
18 826 1028211909
979 897 453927813
103 895 686406109
657 104 620710523
470 709 763199551
5 514 397942533
339 964 471773341
145 418 854335444
662 976 301067307
655 143 325986042
220 79 231857607
575 35 83735982
138 89 674750398
1 577 440059077
403 740 361920522
187 280 946011500
948 949 310560536
698 462 3365033
231 848 974050864
410 731 439777847
137 620 51269389
336 578 22011469
764 319 461007996
10 475 615537983
325 727 728103562
761 745 320756829
933 218 528379876
128 744 918167177
663 545 87666405
478 102 969775497
838 760 172012399
201 159 28111320
615 952 416084519
725 575 31135982
209 28 98576658
518 988 1058181191
507 911 513787466
749 486 661418676
825 401 259167436
53 835 419221038
732 20 666419181
874 663 515927496
870 622 525375876
184 199 300772373
973 969 227168128
313 636 930399701
141 749 928100881
71 225 327712122
783 689 108982213
256 188 1043551696
133 189 1007760521
486 580 857040236
45 637 342721288
967 741 258399098
547 265 203486713
311 728 185815672
39 758 613995816
216 777 1069781475
397 591 468120048
442 332 1052277516
518 692 899355658
968 718 245084474
768 253 141012554
442 71 1021656134
588 843 58027827
417 653 412322291
611 463 770632479
297 5 425668674
412 269 191288724
933 974 340142099
942 322 607424469
904 859 104377185
937 515 618711365
911 496 293381130
92 159 420670854
971 252 677910946
30 55 319076813
891 177 283828618
435 54 864972019
751 103 148721262
235 660 319305145
237 691 115437692
324 483 328610367
770 801 741256618
852 784 566654667
278 60 619090515
137 68 895845213
297 259 373789597
59 103 342308658
414 93 878003229
231 471 596517351
162 318 516340977
650 633 706152774
733 27 93104885
921 765 147246461
810 796 295625892
938 628 365945431
62 715 69003295
655 979 225142399
575 592 458243863
765 362 1008707289
463 882 1065201682
187 88 205025789
739 318 985633713
593 516 70766500
279 43 173241453
496 402 468010064
872 357 446906729
327 568 246633864
157 318 90734192
396 159 242852385
878 196 842599342
2 116 844629480
752 973 304323488
819 170 481146176
651 500 879671682
934 865 291757186
17 789 279652532
427 947 31959565
255 997 110447874
550 978 1025833780
547 384 711500640
133 751 100865630
150 845 173550995
976 214 771740958
367 833 241369751
526 859 947132584
379 105 7032501
126 93 828123533
558 308 20110599
693 192 83573856
332 908 244181191
192 969 118882602
83 186 953560231
862 224 819199088
201 960 92175923
703 712 957577043
171 79 816571888
446 729 565120376
928 170 601871309
94 900 1003635870
991 947 893365829
192 768 864292813
195 290 744916053
611 927 908811466
948 901 1055401971
858 925 494860729
280 199 960063833
903 142 463442979
790 925 890070477
681 222 1009103168
278 887 33370843
846 62 852275934
693 746 849123938
205 934 333925166
463 953 853619150
352 115 510075907
673 863 780306126
969 738 978944408
906 100 30285052
432 360 476422424
579 181 1005992474
824 112 830534707
456 87 863876660
33 854 732553724
470 946 1044450974
587 391 601413687
15 669 613924547
229 718 502066120
272 38 316395494
335 329 648097201
578 304 100848712
417 832 355599582
190 606 274249245
270 119 118343833
473 927 693104331
139 203 233088831
259 513 409931939
391 126 1034260976
964 699 556498628
270 259 504081832
574 763 812109517
778 426 790047222
271 670 545937353
393 453 298424832
781 584 880884396
444 351 798370488
14 875 845788463
255 650 797412340
993 570 445826785
142 190 499392744
837 998 465958793
307 31 366750171
357 547 579045268
809 984 854222386
703 944 297701234
435 96 557861617
449 528 513278259
380 985 279583721
606 93 554432652
723 148 87869566
924 466 843121832
967 301 1025217833
1 129 436320261
480 309 663157814
198 392 816283766
890 699 1055437982
382 824 461455536
364 507 889750613
188 655 20177207
700 213 822944194
291 65 122975184
670 240 955674664
979 292 1020783329
379 109 136997748
671 231 631195226
362 901 457600856
878 845 473883958
809 560 958594912
907 711 812564808
783 412 109048643
290 578 535917364
113 461 4648599
860 927 482550667
994 560 536567088
736 15 795637805
794 909 845130988
178 106 169763711
966 198 836497263
95 653 43529401
337 462 626662600
526 15 471431256
744 950 317191752
663 393 560654310
562 574 594530891
527 362 212352414
194 782 423602177
41 127 225522385
687 78 699623349
880 120 308244216
117 138 667909261
666 493 572525057
185 389 227710782
36 962 246487682
408 689 497914588
463 40 295722454
226 547 232059877
859 873 394923270
621 893 274954109
672 904 721096564
475 154 844295609
974 246 1008957307
281 180 593878819
238 313 46058320
972 836 474044201
490 240 345218055
495 336 465070754
647 663 220251825
864 710 782012939
940 21 37481884
643 425 683218698
78 86 934814590
541 959 829619026
958 326 381587339
371 895 934987826
354 603 617380785
483 628 931884139
121 418 829044688
257 622 795473119
118 570 222845066
546 733 234048366
63 641 868227798
907 474 259196792
479 681 917811719
253 595 981556957
521 310 813002106
65 635 121136973
272 441 100520078
131 967 886253626
752 720 772424229
114 140 705488834
823 871 314669650
130 944 945034243
583 893 31831932
819 57 706670768
103 231 531089142
733 508 760472220
764 307 728284615
826 770 866921412
841 25 1059807470
603 177 409844811
827 876 920921388
986 967 1019825282
862 839 404740517
819 870 640558803
548 615 183601836
67 616 694033572
554 857 468741797
857 41 255595976
798 630 463162615
242 311 139986285
651 64 650727537
711 316 739596397
777 640 48801965
800 851 725371518
52 400 1037253650
536 857 436437290
504 321 875081473
931 866 141614335
119 920 143932007
664 944 887011858
229 699 567474764
466 771 642367181
157 454 285802429
180 611 765189348
360 579 83518811
346 330 35042271
144 895 136966912
677 740 196800947
84 315 657976803
907 368 500932966
673 120 326946802
241 168 142236720
977 127 521033573
300 727 454462099
553 181 895373370
738 470 147680008
376 644 243802011
661 842 958702859
212 621 66067901
83 839 778936919
413 549 361548226
474 748 1044100233
11 226 582014043
907 727 287877255
786 505 266128865
13 852 708738352
684 55 133411069
55 385 65803824
260 874 766767204
341 851 700978901
734 549 254535443
334 674 262571569
408 970 261635780
552 394 268537897
803 276 674436567
557 709 1044261715
551 36 727833303
156 349 433746558
43 224 407931014
986 34 187154894
996 493 217945276
473 804 697293845
174 560 1051545774
622 861 38518321
171 667 1028993446
976 955 949110837
173 667 821426027
897 839 411700786
424 442 263690021
481 190 184907848
582 238 983703447
589 183 788167060
481 740 133952841
683 388 566089618
243 674 207102359
622 112 327792685
447 772 161656084
301 512 558009615
574 197 745844326
258 648 1028052021
783 852 189229952
261 452 229027740
656 492 250368031
559 972 281315136
504 628 73488583
259 551 654852496
492 503 557941460
238 304 279739296
52 313 698049098
38 409 528255837
535 881 159070774
797 492 154739808
703 60 764235584
690 209 31746971
954 224 1032326043
761 593 588805047
293 250 948663411
692 734 733447353
396 766 133867870
867 416 545787777
310 991 512371520
218 656 387853575
645 644 926217544
925 180 308604641
918 750 484885142
886 55 895426236
211 197 423065786
675 272 242700741
313 618 402460684
742 907 826248117
188 858 579032109
289 54 986153061
229 765 343253724
94 327 1033887232
493 683 5350134
742 566 888041753
704 523 283657594
703 849 822467037
46 74 178247547
477 469 124846540
835 443 1043975007
507 230 120221764
259 325 103962148
382 409 234076425
168 354 701756531
644 653 1001283137
554 646 343978015
231 986 442419612
934 900 690519269
986 160 876018368
689 192 792149533
969 658 188609478
81 564 382884595
737 836 46378828
900 357 676246505
866 823 670977702
426 656 973982763
236 75 714651913
137 247 854760307
985 546 211009697
790 275 315733171
375 619 927644391
382 745 769509107
857 806 753685402
501 416 230588080
657 887 628703637
632 334 808310076
677 674 115103470
969 76 455986424
206 522 15497781
242 512 599733588
535 131 363761417
809 222 1014787358
698 373 241330677
424 465 1065728383
852 51 325982130
786 882 866694097
427 642 431489001
356 636 975254529
532 828 6891919
703 509 178795808
64 131 690982017
252 858 997065924
27 276 1016496356
244 530 820340969
439 99 886325139
552 80 171464263
509 566 167796134
192 121 22965002
700 200 315121516
687 848 1065345341
277 391 582125475
12 22 487599297
476 220 619477348
918 963 390029208
454 976 1072427259
514 899 65678149
631 606 188458166
885 324 11191581
972 308 852434774
631 205 482418300
788 70 913236218
599 510 932074242
44 398 155889763
311 938 58862385
463 545 415105617
891 228 208289280
376 364 920745642
93 160 37211359
818 918 984223828
521 995 899389418
67 197 350475514
20 712 342253678
250 253 955123370
795 152 935714018
633 641 775105788
277 349 855818754
808 123 69383771
652 14 867424183
463 915 528930608
570 812 918807590
867 609 696357644
953 122 396173978
560 43 685266628
599 931 883675230
233 995 241785577
377 224 952246463
224 175 513212325
871 486 1058196320
738 917 283828661
97 723 421307057
621 299 1052390315
944 579 444894194
203 62 861718128
62 180 719708254
284 988 460863898
722 766 642053690
857 283 817463999
109 736 385242463
612 766 830497264
323 601 1049912795
586 537 194100569
526 437 712200951
748 382 606144516
506 297 49323705
917 573 947215305
278 315 785917737
639 257 204392116
935 305 241246265
477 634 475342325
17 767 313050010
209 182 176627622
825 107 459404338
58 833 977508257
402 51 121954283
625 374 879219130
804 951 28903107
810 723 598447734
138 112 988259121
708 407 391633156
105 134 58818888
372 391 740085159
624 794 1020261295
82 984 145968132
442 497 120858341
342 965 345721291
401 363 121870273
312 892 153338079
875 206 959345706
287 949 1013753250
20 609 316466336
135 59 621980060
57 707 13004287
847 845 385170314
71 992 984879716
996 939 179884421
681 606 81556135
126 392 747193181
539 165 19501351
826 530 475506653
585 734 401204145
284 17 393273044
674 527 147161122
686 269 49734846
661 843 137672475
981 157 900273564
763 751 617643579
426 741 760411359
416 443 540848447
138 997 479093320
148 180 374033379
928 564 240075657
125 217 720855549
551 983 1013860278
180 384 171317656
555 491 881999125
591 61 762853753
72 669 569837538
310 816 953766001
718 737 939988524
20 68 592039435
776 643 253693307
153 555 660787894
497 308 291378695
708 269 346986032
146 520 95620409
487 688 514831807
447 453 75554026
831 608 712383294
368 608 491102041
745 172 295032113
174 868 161793984
251 55 448279580
146 229 731307440
486 400 814817704
527 534 565718812
474 572 721655909
374 51 173704191
566 949 432961916
103 731 692628036
532 78 821467212
73 707 682933882
417 220 779140894
801 741 374985196
651 228 1045528966
179 496 584065466
577 160 153739467
237 269 11630866
960 144 236607862
501 543 434057756
604 700 58595582
594 838 1010220934
326 11 787768703
196 102 139030894
211 996 1013152908
621 491 613909516
864 971 36220275
865 209 745282389
93 747 229000454
970 285 240576456
129 384 666808900
256 992 810955982
487 741 1022327224
85 640 188957662
290 744 983172379
74 426 53234905
158 16 572733790
490 965 221959822
360 386 466014474
257 57 1007270712
187 170 622778442
758 510 772265931
283 76 415966956
672 863 393690303
945 694 972569884
87 317 826345026
71 140 772738327
796 307 917341994
23 717 173905535
998 744 673436807
712 676 1005303633
433 292 700333041
695 160 799574116
716 169 256898406
772 538 1048659903
567 535 958512946
918 224 642511708
701 476 117770339
234 202 912585280
828 747 1034181630
919 279 462240701
791 913 270074734
137 141 576545859
201 318 960424035
9 663 232450762
164 559 86097690
134 366 1031110509
101 900 490920956
211 838 43686282
497 46 628825918
193 129 229445222
3 618 758708699
742 869 752723049
689 111 117169653
861 6 589548917
641 115 259510015
384 966 808642393
945 296 584166068
775 760 211531762
165 483 100046090
104 426 989918758
443 597 825348693
733 681 907497540
721 493 124734995
273 589 2475167
892 870 226189667
930 549 935946722
514 849 279180036
3 419 616527908
520 324 1037027405
589 481 46492647
778 598 922127896
602 850 856451177
944 105 734096065
252 68 101283482
785 125 946773967
978 413 911482879
678 964 603227463
42 751 920367340
548 172 847817513
408 792 996808977
606 18 272058924
453 679 332137343
935 145 498245190
138 212 543776008
979 962 643723211
803 250 769007338
329 597 501317702
889 715 454871769
23 514 408560243
816 45 600492146
281 566 529271701
372 15 833478626
132 71 895738140
569 333 390134406
763 301 673638036
51 987 33202612
711 586 608814743
994 812 965739656
622 785 469458986
191 242 440830821
167 401 852295838
863 824 535591989
549 925 886697622
528 759 1523043
331 707 617119036
818 644 867463492
544 140 939794318
387 371 95380794
565 239 380749863
660 252 36176757
942 844 156050474
50 420 33801609
304 674 366285432
215 533 58804896
351 793 333458053
819 741 262438137
908 217 153327835
16 151 456104301
639 187 596303926
202 355 199645529
389 466 76351139
265 207 169677747
163 720 1020511555
113 418 407352942
232 482 650481264
369 474 813461373
541 878 921585729
539 71 663369893
883 892 126170747
33 786 256620383
392 659 441232659
664 383 426542705
854 685 42195214
67 601 434919550
313 389 493954500
100 481 582438947
333 802 80844495
250 479 1012712303
381 864 109085767
248 766 49777281
292 871 394045185
317 581 763557048
145 701 54518736
322 313 79716249
217 166 314936792
997 508 939992046
147 649 103325529
151 739 47021407
103 552 335732630
425 55 526971118
312 950 1022130411
545 501 529831994
853 503 907471016
149 63 627401948
615 96 828685683
682 698 1057684018
866 805 725182920
223 42 385749976
501 439 1064376602
562 739 387988121
788 354 722110566
421 155 108773891
405 228 619466493
409 582 136299884
406 268 514452197
116 380 713096700
58 228 373008696
417 945 868425184
529 864 518940624
332 620 520347155
781 4 562415529
319 367 753364745
470 567 186963272
720 293 221463665
593 180 831159542
495 748 389443825
459 370 429470606
771 820 267729573
196 588 131845513
629 61 1007998681
72 50 5786158
122 973 621464931
462 460 315471802
661 607 248096682
414 731 786814764
560 611 396005113
681 518 884999924
490 692 293523133
558 792 832238362
992 13 559104613
291 813 199412320
939 177 1059482723
562 610 758058502
746 744 472002238
215 50 50396549
274 477 544625575
611 778 215833378
192 748 49232525
432 393 326893658
326 671 245611240
201 696 883268294
49 704 428502106
858 247 988834416
518 207 299445093
946 558 866755566
801 317 555901053
642 465 830118267
505 189 619075357
310 480 386483103
58 376 342776937
337 440 545993950
224 920 509409594
951 181 373569177
559 392 716453221
351 95 790277453
1 481 728948232
903 695 446152417
974 136 1031301926
975 526 1000230643
143 380 459486713
836 562 924424826
250 596 727726526
520 159 723101896
831 953 558107950
134 157 119071037
560 921 483597248
967 980 332543635
293 920 634126685
305 503 6679239
266 249 536197952
101 171 574233585
974 889 497011315
942 165 247362700
897 504 859348883
50 138 241836130
495 591 524063723
318 560 1036916123
441 284 975726297
288 744 329554224
573 672 537135229
614 829 696259562
244 779 789578348
839 827 589994010
580 329 6297565
246 746 681672436
58 590 842278481
818 726 622457657
393 771 311221326
48 795 743377188
653 110 750908253
206 372 86837342
188 19 770158103
261 660 944827212
545 737 121761330
712 217 434752570
507 842 411081665
266 859 516517095
382 989 952745589
617 966 314467035
184 350 560138999
733 870 1071915426
511 851 116323186
544 242 482381425
249 186 642433309
35 375 199682438
886 233 10659828
899 977 1033372471
516 365 1055700395
516 537 322119630
596 953 275136448
163 722 274945650
774 321 315916859
14 50 989849014
156 429 88075779
654 68 819326039
824 70 596922730
306 99 163648882
265 229 371157373
279 436 332467306
155 943 66295917
514 689 944705426
925 849 522226444
796 751 1019903324
236 237 268983038
235 644 8928067
275 416 1062857919
561 545 607830221
900 962 755770739
102 454 509964089
638 639 342383734
18 469 533287949
715 244 680774168
981 857 165208717
64 164 628375177
400 890 548539323
535 150 751058353
896 789 351042404
33 228 720009150
873 854 742415965
232 604 644305801
783 694 789356515
553 60 673128928
382 179 702489954
877 721 387634458
700 848 47028212
131 830 1015743299
856 257 568539786
752 486 660091089
425 835 586558230
551 83 778526846
991 501 248900953
515 551 181509635
956 24 32636289
44 763 62118548
1000 323 775503332
519 477 599028976
618 380 586914816
154 386 936819322
93 388 195267685
23 177 809279433
872 102 364172663
528 454 856701092
267 91 736338165
369 201 952560122
995 395 202863496
518 597 743884701
372 498 393307051
360 40 575977414
368 945 297884477
98 383 707844513
598 427 719474015
623 997 1037137801
734 418 322772184
841 457 745923673
907 969 884050006
25 612 795323863
483 794 308030476
981 973 923649446
621 717 281993229
283 146 530102164
965 943 895395887
87 946 610643838
213 103 376022768
109 317 436705084
425 356 719736527
385 988 574522136
760 829 503704533
4 991 889008060
563 994 595483382
168 271 1061359196
524 936 812616073
990 701 594152627
221 44 10182558
353 759 660686516
356 646 760405188
413 831 551666350
247 326 337937681
441 943 46361362
851 142 658540792
462 965 206078868
834 709 541506154
203 627 625062212
944 526 100866602
204 546 1036280275
417 371 216496691
41 877 763183663
173 792 455383795
20 34 180332500
492 323 744507864
58 359 326836263
803 984 361616878
794 989 1020857105
151 836 586472892
444 565 455263745
242 280 1056250519
159 650 913733854
750 178 622295000
903 556 857936426
187 292 134374848
502 302 428336566
183 835 606107362
244 703 975928937
657 468 78980930
750 287 695186941
931 319 282641928
901 400 212086324
866 646 250850676
375 186 363735830
936 188 1057832040
587 762 675157874
108 314 175737707
812 668 762247478
864 547 1047141813
824 87 317274211
450 700 712434256
548 40 860112681
621 171 180718688
954 668 101021015
754 407 357691646
775 421 378470017
871 109 68547999
861 470 680487852
203 932 127166639
169 862 512068565
251 464 304049824
29 55 128384567
773 592 556932444
322 859 115954452
911 169 318623431
222 199 722476874
781 471 898534832
661 811 101667093
965 556 1021536406
394 169 898201144
616 378 950618502
892 178 314682347
181 943 666259819
289 249 599349979
592 252 24083663
164 850 256001290
227 386 189697208
764 238 798506431
810 623 758415991
810 44 171392343
673 336 37791772
459 655 1057834306
937 533 1042426367
262 215 19658804
708 532 749144614
17 756 236766719
89 76 35927895
957 162 793262446
462 933 772921474
392 647 732613670
460 38 1044310139
859 137 345036699
422 197 633887782
223 547 502502879
71 929 741638096
182 195 34964613
959 879 857956968
382 136 961803810
419 704 330996731
399 400 713851977
750 801 92157590
246 109 438698962
103 741 911644818
64 553 139130814
294 990 745038427
544 830 729712762
618 368 582984253
322 30 790604193
230 519 51047338
414 608 727625520
249 15 626112343
4 769 1058814549
289 222 240286943
800 139 303814374
787 300 549139455
928 274 1015680853
147 615 279425696
708 652 32527975
541 945 880168882
738 408 265628787
33 470 1022807995
422 876 923327001
232 975 122317219
578 339 590826396
298 826 121123675
294 518 868228743
316 672 436740842
289 299 278482431
634 242 16749947
523 79 701094215
733 235 272172087
22 741 627426956
959 453 494372360
7 219 55455845
437 35 725196405
144 865 659400258
465 233 152627683
333 999 164741161
808 361 30425476
882 53 856744071
901 483 860897702
630 834 619886841
296 125 566171729
925 345 142372144
273 111 1028138535
289 734 412834776
611 472 502177527
962 372 30876964
762 852 153325838
708 492 13759581
486 756 1069844380
984 191 940371149
483 969 932489931
254 495 727868780
267 561 182491348
724 280 189077814
229 481 647687085
240 758 499844134
385 644 256539291
576 263 42630038
801 49 816959516
54 970 1012337082
677 177 624681592
47 844 277225781
788 516 395827101
473 347 811937906
28 870 836574304
341 775 1016036466
996 428 774335055
20 422 297231784
620 777 1044125059
637 101 800007675
984 611 475142059
369 84 988999158
267 860 828558870
658 565 32530581
796 51 448658371
841 167 803854248
495 162 105846381
77 843 261221357
549 349 492373667
811 828 431585624
108 459 518497033
76 769 349126548
156 819 244929212
153 712 756769316
566 896 1007585208
274 737 819303510
659 961 632014013
574 114 343205439
293 91 753645950
615 411 138332316
904 82 751443434
527 14 377575534
514 10 345280756
100 887 177982986
875 583 887353423
191 379 261107892
798 825 134953206
805 834 642425448
34 162 42137518
185 206 36112699
993 35 445500552
608 565 1055008058
758 125 743134181
739 364 549823253
262 700 46654145
296 695 482459974
659 280 205687483
713 480 89808018
78 210 621293508
915 933 600817715
707 713 53268445
925 864 206588332
410 489 243863099
756 825 267943760
2 323 716124809
708 178 793906196
354 120 484576511
729 766 1012288748
447 596 186844086
442 324 203830001
532 823 242040816
680 383 314865775
915 337 679740537
650 355 281269662
628 842 1034618970
960 236 100246099
260 42 97663516
626 982 993759033
752 849 526653313
528 385 170498663
763 182 225171513
479 950 133372598
460 557 750692464
931 808 937978403
937 928 531332222
922 104 489980136
739 917 441061974
90 609 342412793
984 901 948209262
42 925 959959582
975 539 782266161
381 33 459251821
59 517 419877259
153 464 160727363
159 430 878553397
513 722 229808616
717 5 96447241
651 866 671467638
544 882 810263935
879 492 968175821
89 124 523631823
607 92 564124076
424 548 143373928
799 235 156412276
308 550 193335765
478 412 296662278
438 552 580115325
169 1 324462627
296 898 17529156
361 690 1045238877
367 915 350824476
74 721 116436723
75 592 569746911
546 443 306382870
282 478 195051274
842 407 487290859
470 751 580239567
875 926 607870103
711 384 56686282
436 993 996169148
565 654 99400782
63 646 258542034
850 408 598365450
370 457 827967836
780 85 468919245
76 677 102671263
336 460 69126264
617 901 569889083
327 801 428121880
202 418 681922968
459 948 604147154
930 189 921618257
350 495 998724817
344 223 352507539
106 831 217948713
871 670 894486674
868 229 929686287
934 937 264621701
86 372 398522783
812 5 372605513
259 772 624213348
747 957 491420695
122 311 1053986085
204 379 51322092
66 843 54206626
450 706 934728734
452 523 253961734
967 500 257641800
660 262 111851367
218 244 623414597
286 958 667969998
172 248 607148526
269 279 910500061
197 324 213953595
320 758 103665562
596 694 774426792
121 309 743315532
202 367 420766451
948 63 157971293
136 5 526248481
292 110 799382995
877 611 822887908
393 798 836238894
949 832 921985205
429 200 133726346
362 225 415985420
546 416 847231273
241 705 315965051
462 190 97734115
487 184 441356395
313 588 335096024
193 543 1051015734
187 646 615668545
577 797 507167096
634 114 238543686
762 552 551915995
269 807 90609438
324 899 931562260
898 671 966083936
254 872 744158323
203 705 602234047
418 895 118980636
319 46 538939980
854 865 983190649
4 905 408860830
724 299 128409093
834 501 897178393
58 619 690023274
980 957 167146783
716 739 383834795
655 244 717250587
755 480 728200882
460 375 565199788
985 340 21833216
123 565 61573297
697 162 444948804
118 136 853791940
270 823 65500180
902 189 38140417
901 774 642144304
808 669 331342854
45 976 542623034
416 60 455942224
226 200 225661758
539 61 331370274
653 881 437345474
270 996 458428718
56 999 153322979
610 298 715120286
177 238 647945550
947 369 981641363
994 451 665595147
576 966 377487208
237 417 681566426
453 563 735425394
684 390 934015891
517 266 360020451
265 307 999373156
462 761 12580667
340 248 23679851
785 585 811466174
132 987 372144683
596 517 986062129
448 627 495168613
552 343 730901433
490 936 30134909
71 795 618116342
60 717 506253717
995 657 54559604
405 407 551265657
720 575 308371469
308 833 918484715
302 613 103040801
306 835 299841323
37 794 534062372
260 736 906506238
723 165 748427792
18 632 1048348000
251 48 571657081
924 64 193281964
604 867 455508240
366 433 207794827
204 88 477507899
715 649 269910544
846 149 58929107
996 10 158109864
854 930 959843086
515 609 729201165
72 197 399407762
927 553 576934590
174 670 999703548
537 946 668128990
543 871 350885457
539 303 392430309
293 886 758913084
252 629 627213005
787 389 527247224
59 812 492371690
618 874 91151302
395 866 564944824
661 959 960474396
56 17 201934829
758 296 234113972
327 252 413796231
363 9 492685561
706 998 654870620
42 280 103123599
791 364 152502153
147 589 653898558
704 31 508717307
427 175 692926331
612 800 18375493
837 944 1052983190
680 75 107462082
651 938 252311524
52 286 681197947
270 816 882228323
403 52 916987797
894 614 582479876
723 257 700968451
460 783 590756222
332 519 931667932
322 445 676736525
881 357 113123836
47 587 554857308
2 448 486830682
208 339 705582111
168 953 308748015
784 253 942370068
859 914 1023340317
956 529 636990112
256 242 2734658
231 46 219164953
904 250 472029930
408 572 625851040
115 975 303737405
594 156 552515743
362 96 185546914
774 449 288156365
327 25 82283902
423 472 32754194
653 414 210435911
5 210 157807131
44 54 824251493
159 708 87857252
15 152 1035929899
455 750 600487076
908 105 329696769
1000 615 277471632
274 192 633399464
428 217 847510435
566 488 843716068
212 45 281881823
637 264 37162288
657 403 524047103
834 774 489513880
545 758 46924011
389 140 999761297
184 288 920389078
343 344 40390630
717 610 144687693
611 912 676452411
573 782 868182446
743 3 563977409
335 420 275937803
963 338 608595709
59 28 979823082
878 346 747324565
895 444 567969982
998 469 10610424
486 675 386562853
890 41 347190145
731 526 400638289
321 539 52273024
789 223 698746701
49 976 699362735
642 929 295302327
864 15 701625981
671 215 514858347
420 365 999252303
18 281 888444555
151 697 1009857371
83 9 469793368
320 457 659416841
982 802 969098841
471 603 76591732
774 32 375880826
347 119 517673365
314 678 508946641
252 348 440860257
363 217 298761765
994 284 908775719
746 590 838236884
783 71 983451313
675 481 1049228361
506 204 346696909
573 294 456520952
952 715 508911054
690 849 840186817
279 866 668978589
940 843 723254037
900 728 979072375
660 685 480095100
12 166 352860707
178 140 578090837
869 105 585390149
18 935 40121222
389 866 864396704
264 795 668399947
6 547 351228157
899 41 803694211
93 952 369208967
928 875 698266173
776 261 532177794
186 134 826408881
698 877 243874259
781 478 687183911
47 622 1028092255
493 974 613944034
27 370 987717404
899 434 1047847922
881 120 295828678
951 408 583843732
474 756 1022880835
406 935 1018133681
174 847 970788797
255 837 898671043
100 508 645029385
52 911 236481082
669 329 360701951
214 283 265596918
38 934 1030051291
889 60 606679528
374 419 1048454605
712 906 986729069
83 872 341211096
755 664 844093428
357 356 506065397
582 751 875914649
685 762 192100261
