1000
99319 11649
93358 35836
88620 46329
97637 21609
99750 7062
88885 45818
90482 42577
90836 41818
91140 41151
99468 10296
95345 30153
99918 4030
97261 23242
99457 10400
99653 8315
86785 49682
88327 46885
98625 16521
91333 40721
96455 26387
98098 19406
99531 9671
99947 3245
99204 12585
90370 42814
99325 11597
93782 34709
99809 6174
96483 26286
95747 28853
90638 42246
99463 10348
98199 18892
89617 44369
95376 30053
88523 46515
99556 9410
86759 49727
97670 21456
97511 22171
87069 49181
93301 35983
99998 471
95837 28552
91941 39330
99799 6331
87428 48542
99857 5338
97405 22631
91118 41199
88596 46375
95716 28953
99666 8159
96130 27546
99753 7010
95777 28752
96087 27697
99081 13519
91524 40290
97836 20688
99905 4344
100000 0
99109 13312
87044 49227
88668 46236
99993 1099
99515 9827
99987 1570
94743 31995
96948 24513
95881 28401
98564 16883
94403 32985
90945 41580
97964 20073
98972 14297
98419 17708
99536 9619
99703 7689
92507 37977
96497 26235
92764 37347
95234 30503
96858 24868
92646 37638
99990 1413
93470 35543
92002 39185
95154 30752
95896 28351
95008 31200
89360 44885
99505 9931
99990 1361
89219 45165
94659 32243
98865 15022
99907 4292
96524 26134
87529 48358
99818 6017
97369 22784
97879 20483
99991 1308
93709 34906
98169 19046
92567 37832
88352 46839
99985 1727
87249 48862
88080 47347
90967 41532
90682 42151
97212 23446
94876 31598
99711 7584
98599 16676
96961 24463
90258 43051
94506 32688
98942 14504
99418 10765
95439 29854
92307 38461
99670 8106
99992 1204
94608 32391
97534 22069
89100 45399
99979 2041
86628 49954
93111 36471
97771 20995
97954 20124
87018 49272
99719 7480
88693 46190
98325 18223
95024 31150
89940 43711
89477 44651
97932 20227
91247 40912
99846 5547
99934 3612
99707 7637
87377 48633
97825 20739
95329 30203
90348 42861
86811 49636
91481 40386
99981 1937
99986 1623
98677 16212
99521 9775
89266 45072
94693 32143
93131 36422
99446 10504
97580 21865
89171 45259
98428 17656
99876 4972
90616 42293
96372 26690
97943 20176
98058 19611
90901 41675
88376 46792
97792 20893
97693 21354
88765 46050
95594 29353
91161 41103
99731 7323
98391 17863
90281 43003
98888 14867
99575 9202
99613 8785
99940 3455
97476 22325
89571 44463
93507 35445
98735 15850
97890 20432
96806 25071
95056 31051
99367 11233
98980 14245
99883 4815
98642 16418
95486 29704
96619 25780
99871 5076
99413 10817
98634 16470
96606 25831
91075 41294
98258 18583
99541 9567
94489 32738
98752 15746
99943 3350
86707 49818
94123 33775
96884 24767
98139 19200
90145 43287
98027 19765
92822 37201
88861 45864
97224 23395
92447 38123
96673 25578
99407 10869
99999 314
99158 12948
99441 10556
92842 37152
99580 9150
91566 40194
97858 20586
95121 30851
89547 44510
97803 20842
97393 22682
95970 28100
98793 15488
90879 41723
98438 17605
97781 20944
99999 104
98465 17450
96344 26791
86940 49409
95218 30552
92104 38944
99662 8211
98400 17811
99617 8732
99936 3559
87300 48770
92367 38316
93673 35004
99972 2355
99815 6070
99060 13675
97568 21916
94709 32094
99782 6592
98501 17244
91650 40002
88909 45771
92043 39089
93169 36325
99631 8576
87605 48221
92427 38171
90303 42956
98841 15177
99526 9723
99144 13052
99546 9515
93654 35053
89733 44134
97163 23649
96910 24666
99178 12793
97321 22987
93963 34218
96999 24310
93909 34365
87172 48999
98904 14763
99950 3141
99938 3507
99361 11285
98825 15281
93562 35298
89501 44604
90415 42720
96551 26033
96987 24361
90190 43192
99256 12169
99657 8263
89825 43946
97557 21967
94893 31548
94016 34070
96871 24818
92861 37104
88425 46700
90460 42625
99989 1466
98474 17399
89524 44557
91817 39618
92206 38703
99993 1151
99789 6488
97050 24107
99785 6540
99796 6383
98016 19817
98267 18532
93855 34513
98335 18172
90770 41961
88741 46097
95170 30702
89029 45538
98777 15591
97499 22222
99123 13208
98660 16315
87275 48816
99920 3978
99999 366
90031 43523
95807 28652
87731 47991
98238 18686
99900 4449
87580 48267
99551 9462
94299 33281
97900 20381
99390 11025
89195 45212
96231 27194
97868 20535
96510 26185
95955 28150
99812 6122
97985 19970
86837 49591
96726 25375
99888 4710
99957 2931
89963 43664
98950 14452
98078 19509
96792 25122
96700 25477
95822 28602
87147 49044
99761 6906
97975 20022
94843 31697
99922 3925
99964 2670
97100 23904
89290 45025
99288 11909
90988 41485
93395 35739
98528 17089
98129 19252
99695 7793
95392 30003
99878 4919
88789 46004
89756 44087
90660 42198
95762 28802
96330 26841
91439 40482
97545 22018
94141 33725
88498 46561
96145 27496
93999 34119
93891 34415
99992 1256
99687 7898
91733 39810
99599 8941
94088 33873
86992 49318
90593 42340
97704 21303
98668 16263
99996 837
91290 40817
93581 35249
90527 42483
93035 36666
95926 28250
94909 31498
95655 29153
92919 36958
91692 39906
99914 4135
92287 38510
87831 47807
95852 28501
97309 23038
99510 9879
99854 5390
99074 13571
96713 25426
99886 4762
99396 10973
99727 7376
97814 20791
98994 14141
93432 35641
91858 39522
99928 3769
94958 31349
99969 2460
99843 5599
99424 10713
91460 40434
92939 36909
97381 22733
92166 38799
99218 12481
89384 44838
94793 31846
98934 14556
99031 13882
98179 18995
90814 41865
97273 23191
87121 49090
98287 18429
90549 42435
99903 4396
91204 41008
99998 628
92803 37250
97417 22580
97236 23344
97759 21047
91920 39378
98896 14815
97138 23751
91503 40338
92783 37298
92527 37929
99988 1518
97464 22376
98510 17192
98965 14349
95731 28903
92958 36861
98651 16367
99211 12533
88981 45632
96832 24970
99243 12273
99017 13986
99372 11181
96779 25173
87198 48953
96974 24412
95202 30602
88006 47485
93927 34316
99978 2094
99683 7950
97847 20637
95186 30652
91097 41246
91982 39233
99570 9254
89337 44931
99891 4658
98911 14711
92547 37881
92247 38606
99975 2198
97922 20278
92226 38655
94368 33084
91837 39570
88957 45678
94105 33824
96819 25021
99768 6801
95941 28200
93282 36032
98880 14919
94557 32540
94229 33479
87224 48907
99955 2984
97333 22937
90168 43240
99910 4239
99848 5495
93376 35787
95701 29003
87351 48679
99999 418
93188 36276
99198 12637
99924 3873
96579 25932
93339 35885
99916 4082
99355 11337
92145 38848
94158 33676
94070 33923
87554 48312
97297 23089
98801 15436
94194 33578
99860 5285
91354 40673
98694 16108
94776 31895
98315 18275
89779 44040
93691 34955
93073 36568
98483 17347
89407 44791
87630 48175
99735 7271
91418 40530
99171 12844
99565 9306
88229 47070
87856 47761
94333 33183
99995 994
94385 33034
98957 14401
99164 12896
99742 7167
94591 32441
92606 37735
96441 26437
96259 27093
88474 46607
95455 29804
93263 36081
90100 43381
98189 18943
99585 9098
88179 47162
99263 12117
99723 7428
99983 1832
95105 30901
96116 27597
99994 1047
99967 2565
95867 28451
92064 39040
94472 32787
87478 48450
94034 34021
98410 17760
97522 22120
94625 32342
95040 31100
99282 11961
89148 45305
98537 17038
92900 37007
94351 33133
95282 30353
93618 35151
99024 13934
90858 41770
99088 13467
88813 45957
99973 2303
99231 12377
88933 45725
98685 16160
88155 47208
88302 46931
93525 35396
99932 3664
90748 42008
98296 18377
99300 11805
98849 15126
98702 16057
99622 8680
94760 31945
89871 43852
99912 4187
94942 31399
89053 45492
99851 5442
99873 5024
99561 9358
97038 24158
99640 8472
96043 27848
96633 25730
96845 24919
94826 31747
92587 37784
89431 44744
93092 36520
96273 27043
98119 19303
88717 46143
94726 32044
97911 20329
95313 30253
93488 35494
96302 26942
98006 19868
99985 1675
86680 49863
87655 48129
87681 48083
92685 37541
99948 3193
96646 25679
99998 575
91961 39281
99952 3088
99834 5756
98088 19457
99675 8054
98817 15333
95911 28301
91899 39426
90077 43428
89594 44416
99250 12221
89313 44978
88204 47116
89687 44228
97715 21251
96358 26740
99649 8367
99840 5651
99965 2617
92125 38896
99435 10609
94316 33232
87931 47623
87906 47669
97591 21814
97150 23700
93837 34562
87756 47945
94211 33528
99191 12689
98555 16934
99489 10088
97200 23497
96245 27144
99137 13104
99999 52
96660 25628
98218 18789
99862 5233
99046 13779
87095 49135
86863 49545
97440 22478
96414 26538
97625 21661
95137 30802
94264 33380
93746 34808
97659 21507
92084 38992
89124 45352
99479 10192
93636 35102
93244 36129
91032 41389
99384 11077
98919 14660
99038 13830
90393 42767
98710 16005
95640 29203
98372 17966
96935 24564
99958 2879
93544 35347
99953 3036
95361 30103
94540 32589
98727 15901
99997 733
98492 17296
96102 27647
96766 25223
99151 13000
96288 26992
96753 25274
93945 34267
87453 48496
96217 27244
99636 8524
92880 37055
90213 43145
98608 16625
99980 1989
99805 6226
91053 41342
92487 38026
97737 21149
99771 6749
99757 6958
99484 10140
91311 40769
95579 29404
99349 11389
98363 18017
98590 16728
94991 31250
98573 16831
86966 49363
98744 15798
98987 14193
89802 43993
95686 29053
89848 43899
99401 10921
98447 17553
99102 13364
87706 48037
92705 37493
90122 43334
96428 26488
93451 35592
97603 21763
88105 47301
95408 29954
95985 28049
94246 33430
89986 43617
93873 34464
90326 42909
97726 21200
99679 8002
98277 18480
87781 47899
91375 40625
99984 1780
89664 44275
99997 680
92387 38268
95671 29103
90009 43570
99881 4867
96188 27345
91775 39714
98149 19149
99312 11701
96000 27999
93981 34169
91183 41055
99962 2722
97249 23293
99942 3402
99294 11857
99825 5913
99608 8837
98617 16573
95792 28702
91587 40146
96897 24716
99452 10452
93226 36178
99275 12013
99430 10661
99999 261
86889 49500
93054 36617
88031 47439
98248 18635
91629 40050
95501 29654
98456 17502
97682 21405
94574 32490
97088 23955
86733 49773
98109 19354
93320 35934
87504 48404
99764 6853
98927 14608
93819 34611
99473 10244
99998 523
89917 43758
90235 43098
99945 3298
98768 15643
96073 27748
88278 46977
91754 39762
98833 15229
97748 21098
88253 47024
93764 34759
91397 40577
97075 24005
88644 46283
99095 13415
98344 18120
92407 38219
91545 40242
89076 45445
92977 36812
92467 38074
97012 24259
96316 26891
95532 29554
99898 4501
91269 40864
99930 3716
99002 14090
99739 7219
99699 7741
99982 1884
98159 19098
99976 2146
99999 157
95424 29904
98209 18840
90504 42530
88056 47393
97063 24056
96565 25983
92724 37444
99053 13727
97113 23853
93150 36373
92267 38558
99996 785
99594 8993
99995 942
97429 22529
97285 23140
93599 35200
91010 41437
94437 32886
96014 27949
99067 13623
96159 27446
95625 29253
95266 30403
97125 23802
98546 16986
94642 32292
99974 2251
96029 27899
88547 46468
99868 5129
93728 34857
99116 13260
96686 25527
91879 39474
99926 3821
99865 5181
91671 39954
92996 36763
97487 22273
95470 29754
94926 31448
95250 30453
98760 15695
99644 8419
95089 30951
99627 8628
98785 15540
91796 39666
93207 36227
88571 46422
99306 11753
89710 44181
99224 12429
99821 5965
87326 48725
99269 12065
90704 42103
99896 4553
99237 12325
99604 8889
89640 44322
89242 45118
89005 45585
94810 31796
92347 38365
88837 45911
95610 29303
99337 11493
91226 40960
86914 49454
94176 33627
99828 5860
92744 37395
99185 12741
98047 19663
92665 37590
92626 37687
92327 38413
97345 22886
97357 22835
99343 11441
93414 35690
97175 23599
94975 31299
98306 18326
96174 27395
99961 2774
97025 24209
87881 47715
90438 42672
97995 19919
99009 14038
90923 41628
88401 46746
89894 43805
98873 14970
98068 19560
87806 47853
99331 11545
99970 2408
98582 16780
86654 49909
98228 18738
99837 5704
98353 18069
96740 25325
94860 31647
99802 6279
99130 13156
94523 32639
98719 15953
96469 26336
88449 46654
99893 4606
99996 890
94281 33331
99968 2513
94454 32837
99775 6697
91608 40098
96923 24615
96592 25881
99500 9984
99590 9045
97648 21558
93800 34660
97452 22427
92186 38751
87981 47531
99378 11129
96202 27295
99746 7114
89454 44697
99960 2827
99778 6644
95548 29504
88130 47255
93016 36715
98382 17914
98519 17141
98857 15074
99495 10036
96400 26589
95517 29604
94052 33972
99691 7845
98809 15384
95297 30303
90054 43475
99792 6435
95073 31001
96386 26639
95563 29454
91712 39858
94676 32193
99715 7532
90726 42056
90792 41913
97614 21712
94420 32936
96058 27798
99831 5808
87402 48587
87956 47577
92023 39137
99999 209
90571 42388
98037 19714
96538 26084
97187 23548
